4.024190245734518556e-02 -6.591910307099286115e+01
-1.720179827379297310e-01 -6.592054618022979184e+01
-3.741057402323186842e-01 -6.592187268772562447e+01
-5.160975334000177384e-01 -6.592261009669192617e+01
-7.114575579890490831e-01 -6.592370731498840541e+01
-8.602236643471069533e-01 -6.592434607272366520e+01
-1.050027530132465969e+00 -6.592522080731242795e+01
-1.204381595520719328e+00 -6.592573516910434250e+01
-1.390223590300500023e+00 -6.592629715732093132e+01
-1.548544762836451927e+00 -6.592658944865320336e+01
-1.732289559444299964e+00 -6.592686398497156119e+01
-1.892691431977986394e+00 -6.592692008152229732e+01
-2.076146111681341999e+00 -6.592693750546911247e+01
-2.236803958635708689e+00 -6.592677603983696599e+01
-2.421755329731883233e+00 -6.592652250672938408e+01
-2.580860085964907125e+00 -6.592613647489025652e+01
-2.769753768133013772e+00 -6.592543473696699152e+01
-2.924805057278161868e+00 -6.592471876627072902e+01
-3.120192228080681307e+00 -6.592365155868461102e+01
-3.268630301150658113e+00 -6.592270434064209894e+01
-3.472782112102059671e+00 -6.592124566164926591e+01
-3.612315675518308566e+00 -6.592012712748757508e+01
-3.827548686117080212e+00 -6.591820171981703425e+01
-3.955833004584614176e+00 -6.591695946441939213e+01
-4.185172757206437666e+00 -6.591431699954620171e+01
-4.299108686864271611e+00 -6.591292402603357914e+01
-4.545346468296601827e+00 -6.590966808362045981e+01
-4.642163533406264975e+00 -6.590832234252042099e+01
-4.907639763174088010e+00 -6.590436796024098953e+01
-4.984976621282309672e+00 -6.590316809616467708e+01
-5.272247331072290599e+00 -6.589835085704629591e+01
-5.327511540982227345e+00 -6.589740012270681291e+01
-5.639459336642332232e+00 -6.589152174775537674e+01
-5.669723860324539899e+00 -6.589093711510520279e+01
-6.008603526307920717e+00 -6.588406485761819908e+01
-6.011639436293063632e+00 -6.588400203916131659e+01
-6.047256395502730086e+00 -6.588326825569518519e+01
-6.353288789468026998e+00 -6.587678467123208748e+01
-6.379043279717074633e+00 -6.587620404395644869e+01
-6.694590660910379576e+00 -6.586903224750432173e+01
-6.751589382838647069e+00 -6.586765548940209669e+01
-7.035518957875073198e+00 -6.586073098623916167e+01
-7.126209838933065477e+00 -6.585841201841378734e+01
-7.376080026758847552e+00 -6.585197688727862442e+01
-7.502577098722119864e+00 -6.584855956343955086e+01
-7.716251344140294677e+00 -6.584275713860844803e+01
-7.881188770021075207e+00 -6.583793950679154250e+01
-8.055941036538483147e+00 -6.583284968296476336e+01
-8.262262953086535688e+00 -6.582647338934452819e+01
-8.395157522976653297e+00 -6.582236098194104557e+01
-8.645630907632849471e+00 -6.581419764524167704e+01
-8.733887389685747848e+00 -6.581131941512674643e+01
-9.031427046005189752e+00 -6.580105726615303752e+01
-9.072084445663866958e+00 -6.579966013426053451e+01
-9.338181260035261388e+00 -6.578985576904676691e+01
-9.409630971160268587e+00 -6.578713923880238212e+01
-9.420801580067273306e+00 -6.578670356988843082e+01
-9.746595240844156294e+00 -6.577401262755964240e+01
-9.813422849976982221e+00 -6.577127094731417856e+01
-1.008293292678761688e+01 -6.576023456955974211e+01
-1.020917693184302344e+01 -6.575470439366017672e+01
-1.041853695147308656e+01 -6.574561268858909102e+01
-1.060855660087998054e+01 -6.573682910191425321e+01
-1.075338023906787299e+01 -6.573016106182163298e+01
-1.101129553084377299e+01 -6.571770237399448433e+01
-1.108750219055597341e+01 -6.571403938350778162e+01
-1.141694471866730076e+01 -6.569744037665861924e+01
-1.142087507015268422e+01 -6.569724355995100495e+01
-1.143804475123581277e+01 -6.569635381294517629e+01
-1.175347059187270027e+01 -6.567976195367799619e+01
-1.182669986045865151e+01 -6.567575688302147796e+01
-1.208532120724169978e+01 -6.566171978298044110e+01
-1.223888302765768188e+01 -6.565304927270955204e+01
-1.241640378318966675e+01 -6.564311305714571176e+01
-1.265365038076716431e+01 -6.562923982552112534e+01
-1.274665862258036420e+01 -6.562386653774325396e+01
-1.307091055840067817e+01 -6.560433469461912637e+01
-1.307608618864872163e+01 -6.560402595057010444e+01
-1.309500246427722203e+01 -6.560288253055523455e+01
-1.340511121953816165e+01 -6.558441033652201213e+01
-1.348806803779362973e+01 -6.557928130709839820e+01
-1.373334546651404509e+01 -6.556430622206539738e+01
-1.390746278921154300e+01 -6.555319304296634186e+01
-1.406065859774819593e+01 -6.554351462805544770e+01
-1.432953944505913135e+01 -6.552589324614851307e+01
-1.438709598463806216e+01 -6.552215686178672627e+01
-1.457747317523980968e+01 -6.550946385869181654e+01
-1.471264838637826600e+01 -6.550024825241112580e+01
-1.475466066890783523e+01 -6.549729659684538774e+01
-1.503720776805749892e+01 -6.547764051532956842e+01
-1.518380545758159172e+01 -6.546707362177960476e+01
-1.536079526262614614e+01 -6.545441174909262827e+01
-1.561549511398227175e+01 -6.543559528315822149e+01
-1.568342080194562982e+01 -6.543061181529026271e+01
-1.587788154556910136e+01 -6.541595579347441003e+01
-1.600516275809004441e+01 -6.540639050777494390e+01
-1.604943906533909370e+01 -6.540299420776372585e+01
-1.632610765496423966e+01 -6.538189980569521254e+01
-1.648521818248134352e+01 -6.536942262282744309e+01
-1.664606840675781996e+01 -6.535687437873960448e+01
-1.692328666072608101e+01 -6.533460319416570883e+01
-1.696499956627888750e+01 -6.533127287527335625e+01
-1.707374879916995170e+01 -6.532242724341637086e+01
-1.728308505968011133e+01 -6.530538526186239778e+01
-1.736327273361412082e+01 -6.529874609049963397e+01
-1.760030141650556956e+01 -6.527919175458856671e+01
-1.780478481765698007e+01 -6.526191038095430486e+01
-1.791650793275110232e+01 -6.525250931835034862e+01
-1.819125621324025133e+01 -6.522884526174149755e+01
-1.823166581359527427e+01 -6.522530445515883457e+01
-1.824840653475835950e+01 -6.522383205167437836e+01
-1.854587884289569288e+01 -6.519773588722515001e+01
-1.869472207829447186e+01 -6.518440484316704442e+01
-1.885908076484245299e+01 -6.516973382698554929e+01
-1.914262121607299605e+01 -6.514383717517017658e+01
-1.917121007600702853e+01 -6.514123380320006618e+01
-1.923589751434390749e+01 -6.513530822452585767e+01
-1.948243109662628569e+01 -6.511246412916017334e+01
-1.959261994954706410e+01 -6.510205973415202152e+01
-1.979260758187809799e+01 -6.508326221479157425e+01
-2.004472903357023128e+01 -6.505893156771924168e+01
-2.010159788854471330e+01 -6.505346562459683923e+01
-2.022174446899515132e+01 -6.504176176987107283e+01
-2.040948522376069718e+01 -6.502319672317480581e+01
-2.050012740319986193e+01 -6.501406395182681308e+01
-2.071620407012067488e+01 -6.499239232927533294e+01
-2.095914087307257745e+01 -6.496724871122788159e+01
-2.102153683984898080e+01 -6.496080866666213183e+01
-2.114193523522891738e+01 -6.494817172869167621e+01
-2.132550220709705968e+01 -6.492849283734454957e+01
-2.142389977535187029e+01 -6.491768617056075641e+01
-2.162801594145173567e+01 -6.489537094507090842e+01
-2.189490543069605266e+01 -6.486506698356322431e+01
-2.192885613595189298e+01 -6.486121212825983662e+01
-2.198679176566889026e+01 -6.485453390524963879e+01
-2.222765937659899294e+01 -6.482562978752264371e+01
-2.237891440309356739e+01 -6.480683550414795491e+01
-2.252454602235636116e+01 -6.478880934688470461e+01
-2.274173157111716748e+01 -6.476092346689424062e+01
-2.281955038304676719e+01 -6.475082769836086527e+01
-2.287332040859556770e+01 -6.474373625027371304e+01
-2.311297411636200749e+01 -6.471205438546328992e+01
-2.337898708538763515e+01 -6.467534826455059260e+01
-2.340423633583331053e+01 -6.467187316830754185e+01
-2.343703902741899370e+01 -6.466724792025399893e+01
-2.369260635438724805e+01 -6.462952791959213528e+01
-2.390824456770904405e+01 -6.459671960251569089e+01
-2.397890075760473749e+01 -6.458596156767293905e+01
-2.405738297262753633e+01 -6.457362507924173656e+01
-2.426204505323721605e+01 -6.454005884972360718e+01
-2.446475817837010780e+01 -6.450601586327795189e+01
-2.454295400598303445e+01 -6.449284907859492932e+01
-2.461770203052706663e+01 -6.447994768740795735e+01
-2.482159500349450454e+01 -6.444432931871656933e+01
-2.504527198334227123e+01 -6.440411747969562839e+01
-2.509804418649344626e+01 -6.439460812603860518e+01
-2.514382972396368032e+01 -6.438623385658962661e+01
-2.536956818082385112e+01 -6.434090073603033488e+01
-2.560163630819679526e+01 -6.429251531160821287e+01
-2.563768718931236990e+01 -6.428485123454478867e+01
-2.569378171919749931e+01 -6.427272953100407449e+01
-2.590325133687556303e+01 -6.422737120433387759e+01
-2.603056722347772123e+01 -6.419883413775730219e+01
-2.616534899361493416e+01 -6.416756996087360676e+01
-2.641669760242927367e+01 -6.410781804447077548e+01
-2.642445936199716172e+01 -6.410596929208045935e+01
-2.642842200053004120e+01 -6.410500569266596926e+01
-2.667618372635611124e+01 -6.403824743605633785e+01
-2.677300966897053414e+01 -6.401132037295261057e+01
-2.692487439717548625e+01 -6.396879800692252616e+01
-2.710253003834607810e+01 -6.391752618317087808e+01
-2.716957195708828010e+01 -6.389670617551627174e+01
-2.739833299986318949e+01 -6.382367191149572250e+01
-2.740845087624623488e+01 -6.382023538237260141e+01
-2.747217877998665614e+01 -6.379803228985252872e+01
-2.764109352792530672e+01 -6.373904602796429231e+01
-2.766669739305279307e+01 -6.372987523896696871e+01
-2.787055045180423463e+01 -6.365613397979495858e+01
-2.792478427061948310e+01 -6.363606914534423709e+01
-2.809257343717279554e+01 -6.356744254597958843e+01
-2.815302899515555168e+01 -6.354222273677945054e+01
-2.830951620145484426e+01 -6.347528024328869378e+01
-2.837126499275898084e+01 -6.344835356329670617e+01
-2.852232162584160235e+01 -6.338057085293928594e+01
-2.857968674413375254e+01 -6.335446227171493661e+01
-2.872897214048491321e+01 -6.328141700723807617e+01
-2.877112217846467601e+01 -6.326054355042828092e+01
-2.893172126824067192e+01 -6.317997565706696150e+01
-2.895808442760293744e+01 -6.316660124853657976e+01
-2.912929509094588809e+01 -6.307505203821568784e+01
-2.913381874854755083e+01 -6.307262692668138016e+01
-2.916441171506263075e+01 -6.305563677669078970e+01
-2.930280342566292617e+01 -6.297868820743187257e+01
-2.932258128508575368e+01 -6.296749374244623709e+01
-2.946774715205558337e+01 -6.288473717193781454e+01
-2.951170217887280245e+01 -6.285741692139833958e+01
-2.961930061095812405e+01 -6.279075794486681161e+01
-2.969446858427519942e+01 -6.274277231350399120e+01
-2.976689891421817080e+01 -6.269673894268743197e+01
-2.987373991471112333e+01 -6.262623765053265856e+01
-2.990948288005391476e+01 -6.260267615249145479e+01
-3.001423484512968898e+01 -6.252545495979680368e+01
-3.003715782687439173e+01 -6.250858180175802659e+01
-3.004451736501102133e+01 -6.250314025469927515e+01
-3.016622166468764021e+01 -6.241455957460584614e+01
-3.021160087471232103e+01 -6.237796122758550155e+01
-3.028360666168669013e+01 -6.232048063405420635e+01
-3.037038048621743869e+01 -6.224638593804363040e+01
-3.039419224041305512e+01 -6.222633001310234135e+01
-3.045019009456159509e+01 -6.217809570765683702e+01
-3.050362113489146410e+01 -6.213219664280282473e+01
-3.052448796153924349e+01 -6.211178876385881154e+01
-3.060194164018375673e+01 -6.203808628522764934e+01
-3.067036831516745465e+01 -6.197083534294137053e+01
-3.069813673486150307e+01 -6.194388617323167523e+01
-3.075046396116957936e+01 -6.189118170812463404e+01
-3.079148851940166409e+01 -6.184968844952965128e+01
-3.081176278409104796e+01 -6.182698746984243598e+01
-3.087615564065798068e+01 -6.175551792575041077e+01
-3.094571619952847996e+01 -6.167745828530374297e+01
-3.096057617201328327e+01 -6.166124204016765020e+01
-3.098176844303488053e+01 -6.163504020498362479e+01
-3.103691481368592875e+01 -6.156702733548667084e+01
-3.107077732430663985e+01 -6.152085031256498837e+01
-3.110701518576220082e+01 -6.147276189236114874e+01
-3.115899547502710121e+01 -6.140360769566677845e+01
-3.117791743913614511e+01 -6.137843975729873591e+01
-3.118855778137796264e+01 -6.135861564990776174e+01
-3.122925975889950578e+01 -6.128417762028945504e+01
-3.127339362257620081e+01 -6.120215858233606809e+01
-3.127998422395213041e+01 -6.118979430422743349e+01
-3.128537235019611273e+01 -6.117782453596817049e+01
-3.132286851211037870e+01 -6.109550471717273012e+01
-3.134237091915587925e+01 -6.102279373072312296e+01
-3.134810116274861258e+01 -6.100109751450310114e+01
-3.135559552314970944e+01 -6.097294229232738871e+01
-3.137383034149794980e+01 -6.090674102114684274e+01
-3.137701700954601947e+01 -6.086038755321584404e+01
-3.138034790851184752e+01 -6.081233519562826473e+01
-3.137784725615516734e+01 -6.072319273213020097e+01
-3.137775188301024087e+01 -6.071784820243095737e+01
-3.137767130722397724e+01 -6.071507149497188038e+01
-3.137501620128665891e+01 -6.062346375195608061e+01
-3.136125627882859490e+01 -6.057850723903590051e+01
-3.134600051387790742e+01 -6.052899834100722387e+01
-3.132304772918445579e+01 -6.045317512084835698e+01
-3.131721869188064389e+01 -6.043447659432865748e+01
-3.129216111252391741e+01 -6.036948207641862041e+01
-3.128092829312274148e+01 -6.033994879701126024e+01
-3.127687523682138249e+01 -6.033208721880637881e+01
-3.123170955281507233e+01 -6.024545398255588680e+01
-3.121757957374814652e+01 -6.021798020016797182e+01
-3.118232379167790214e+01 -6.015092086387798531e+01
-3.115493470605083814e+01 -6.010580611873456292e+01
-3.112432009316748349e+01 -6.005635120068674837e+01
-3.108603388586195138e+01 -5.999709705803783777e+01
-3.106287635919940371e+01 -5.996175107572989305e+01
-3.101554742634748862e+01 -5.988943948657816918e+01
-3.100071782310786617e+01 -5.986712186208080766e+01
-3.094326379966123852e+01 -5.978295071442903463e+01
-3.093596141318164783e+01 -5.977246599915949332e+01
-3.087538314059905531e+01 -5.968430273062318747e+01
-3.087093649569735376e+01 -5.967778733342493069e+01
-3.087041334180919350e+01 -5.967699257404711943e+01
-3.080738770961675854e+01 -5.958313869059102785e+01
-3.079926496581591522e+01 -5.957039092013783943e+01
-3.074574785102135621e+01 -5.948846243743344075e+01
-3.072953563362748497e+01 -5.946326670712468854e+01
-3.068355290621095932e+01 -5.939375671777682442e+01
-3.066074606316195528e+01 -5.935586668889192197e+01
-3.062547977439260904e+01 -5.929902254063517830e+01
-3.059453198837723420e+01 -5.924731840380749759e+01
-3.056795896762675113e+01 -5.920425776027886400e+01
-3.052846789854585197e+01 -5.913890011530014590e+01
-3.051010573113045155e+01 -5.910946266661707682e+01
-3.046293014865108262e+01 -5.903040983648961060e+01
-3.045318116824272892e+01 -5.901463689925452627e+01
-3.039711459780803793e+01 -5.892227494876391347e+01
-3.039554722453461011e+01 -5.891978164997692602e+01
-3.038356590028482529e+01 -5.890066624732111222e+01
-3.033644919002112061e+01 -5.882495002385041971e+01
-3.033025884590926324e+01 -5.881492392825728643e+01
-3.027590015828673131e+01 -5.873010060144733302e+01
-3.026224920498718163e+01 -5.870840628063928079e+01
-3.021449811929008433e+01 -5.863522196619908300e+01
-3.019412762840245890e+01 -5.860216077926327216e+01
-3.015454835852370152e+01 -5.854031532203711663e+01
-3.012670631104227326e+01 -5.849574890395408033e+01
-3.009394669158570323e+01 -5.844538004414087595e+01
-3.006024406539824767e+01 -5.838902701153637054e+01
-3.003618742860841451e+01 -5.835041584524151403e+01
-3.000045750493867303e+01 -5.827888743276500350e+01
-2.998822089351022768e+01 -5.825541704356632522e+01
-2.994330933819964713e+01 -5.816749635299473198e+01
-2.993953143640516501e+01 -5.816038469754624884e+01
-2.992907373602408683e+01 -5.813052898989937489e+01
-2.990655934020618290e+01 -5.806537487756571636e+01
-2.990234774437431398e+01 -5.804746956784933332e+01
-2.988304158256946153e+01 -5.797035653890921481e+01
-2.987132936899338276e+01 -5.792212483711315940e+01
-2.985929514386249650e+01 -5.787528447057786707e+01
-2.986376724073553746e+01 -5.778394146714688873e+01
-2.986392230336717546e+01 -5.778013513865994355e+01
-2.986424818119025559e+01 -5.777298931134168924e+01
-2.986863441125772312e+01 -5.768506902695423832e+01
-2.987489525077507935e+01 -5.763544626039006857e+01
-2.988033088573229179e+01 -5.758992660414870102e+01
-2.989692511758844873e+01 -5.752278700429567948e+01
-2.990394912463406385e+01 -5.749473776362987110e+01
-2.990917592220213805e+01 -5.747394136211394766e+01
-2.992755883089655811e+01 -5.739958762718794105e+01
-2.995357974729391159e+01 -5.730651496003795842e+01
-2.995418570299480976e+01 -5.730431802224649118e+01
-2.995499866477896589e+01 -5.730149979290885653e+01
-2.998192610315151541e+01 -5.720914556760772030e+01
-3.000254606711074956e+01 -5.713622345994400575e+01
-3.000882181147862582e+01 -5.711385660790404017e+01
-3.001575201830290851e+01 -5.708396456985781242e+01
-3.003127119215938379e+01 -5.701860110015300620e+01
-3.004251992832757523e+01 -5.697066815897389347e+01
-3.005354997863621946e+01 -5.692329841930418866e+01
-3.006689023630470814e+01 -5.685628684230260887e+01
-3.007273993883556074e+01 -5.682794793131563438e+01
-3.007617944295153123e+01 -5.680840778091635457e+01
-3.008928475416080772e+01 -5.673263416901295386e+01
-3.010338949155168820e+01 -5.664959597194405205e+01
-3.010545933415738773e+01 -5.663721642069367590e+01
-3.010806885269875721e+01 -5.661788647341711567e+01
-3.011901716613704494e+01 -5.654185496936412392e+01
-3.012588557560091829e+01 -5.649330373006674222e+01
-3.013232520243508006e+01 -5.644643311010534603e+01
-3.014188053530238065e+01 -5.637152747909061645e+01
-3.014466205665161880e+01 -5.635095508418217491e+01
-3.014617809416864702e+01 -5.633808588678539309e+01
-3.015530213580587215e+01 -5.625552867794587542e+01
-3.016329205844277439e+01 -5.618456492506879840e+01
-3.016594729701284550e+01 -5.616000763104983662e+01
-3.016927831310150765e+01 -5.611814123020269562e+01
-3.017393808981016790e+01 -5.606449770375280650e+01
-3.017627615829773191e+01 -5.603330615608390985e+01
-3.018067668539087478e+01 -5.596897583178048308e+01
-3.018663575153203027e+01 -5.588345281692065214e+01
-3.018730148674493918e+01 -5.587336568867826259e+01
-3.018789716471084716e+01 -5.585481461668177872e+01
-3.019081677960342702e+01 -5.577780914185586880e+01
-3.019251086276386431e+01 -5.573615552833527431e+01
-3.019445390559482689e+01 -5.568220132897315011e+01
-3.019838136747778989e+01 -5.558874772548864485e+01
-3.019847401159888634e+01 -5.558650963436556935e+01
-3.019866151570985480e+01 -5.558239880881143336e+01
-3.020325552058163865e+01 -5.549089544502274407e+01
-3.020586429457997113e+01 -5.544032180316995095e+01
-3.020810219866531909e+01 -5.539520324978008148e+01
-3.021556022765942728e+01 -5.531724038340013294e+01
-3.021728295135719833e+01 -5.529945445832404971e+01
-3.021845399359054340e+01 -5.528871423204174107e+01
-3.022766961665051255e+01 -5.520375858570116634e+01
-3.023600109061666785e+01 -5.513401224485897956e+01
-3.023914411844695138e+01 -5.510796914933962398e+01
-3.024593926840212887e+01 -5.506826417229589765e+01
-3.025550628895352290e+01 -5.501218961696869769e+01
-3.026195095772131793e+01 -5.497406427675070972e+01
-3.027179184047852090e+01 -5.491638658939515949e+01
-3.028743008419943195e+01 -5.483294839355906447e+01
-3.028973764844716143e+01 -5.482050517783787313e+01
-3.029146985234240930e+01 -5.481172213077155675e+01
-3.030887362028441601e+01 -5.472468591058586185e+01
-3.032415337948053846e+01 -5.464722458870309652e+01
-3.032784568034757910e+01 -5.462876074200164567e+01
-3.033305050155981064e+01 -5.460310039696463491e+01
-3.034712700427251164e+01 -5.453287039329399022e+01
-3.035715085898032584e+01 -5.448227922267253120e+01
-3.036626074789285923e+01 -5.443692531790512135e+01
-3.037873240975612887e+01 -5.437387135475836430e+01
-3.038528954692376161e+01 -5.434094027588062659e+01
-3.038973454550924558e+01 -5.431732129153641608e+01
-3.040384302966007013e+01 -5.424497455035321991e+01
-3.042167047789035905e+01 -5.415250445079459496e+01
-3.042237152623145491e+01 -5.414890427062942990e+01
-3.042330481357057792e+01 -5.414383458423267825e+01
-3.044023270451629060e+01 -5.405290754110080798e+01
-3.045134114737004438e+01 -5.398887084984838225e+01
-3.045709063050302134e+01 -5.395681770036810576e+01
-3.046497913284759562e+01 -5.391076607983234226e+01
-3.047391548412242912e+01 -5.386072227723272476e+01
-3.047819252128337553e+01 -5.382675989302975950e+01
-3.048654555752231943e+01 -5.376461345456033314e+01
-3.049862735616728671e+01 -5.366846956558651982e+01
-3.049863512514616914e+01 -5.366841029382300121e+01
-3.049864303214956962e+01 -5.366831379414705339e+01
-3.050713793040219102e+01 -5.357228482148212834e+01
-3.050908701970518067e+01 -5.351635931429146353e+01
-3.051086044465438363e+01 -5.347607284850403175e+01
-3.051353436069603120e+01 -5.340292386808604874e+01
-3.051455724513644441e+01 -5.337981675064278875e+01
-3.051367608295498002e+01 -5.336785164681322158e+01
-3.050836802713130425e+01 -5.328359473009581393e+01
-3.050388699368792089e+01 -5.322847921450986064e+01
-3.050096276946919005e+01 -5.318730401025578658e+01
-3.048948190595152496e+01 -5.309204256551007006e+01
-3.048935757289136461e+01 -5.309095001601738772e+01
-3.048877361575208056e+01 -5.308792471282367842e+01
-3.047105014221644481e+01 -5.299465078900547610e+01
-3.046454933443553514e+01 -5.296243016273038506e+01
-3.045237873903095860e+01 -5.289829918943650000e+01
-3.043443542347135278e+01 -5.283621767056251883e+01
-3.042484492048811973e+01 -5.280189652860431693e+01
-3.039770919525865978e+01 -5.271436753488848126e+01
-3.039500311038269231e+01 -5.270544888492239011e+01
-3.038318270487657813e+01 -5.266942477517972065e+01
-3.036333818992253342e+01 -5.260901053955811335e+01
-3.035711226797934259e+01 -5.259515111236612483e+01
-3.032104833193902493e+01 -5.251255513824867194e+01
-3.030759614142512959e+01 -5.248187392939104257e+01
-3.027935506365910712e+01 -5.241606290319259642e+01
-3.025528658727053610e+01 -5.237056900411693050e+01
-3.022881934024156436e+01 -5.231953442962901590e+01
-3.019594745522935142e+01 -5.226402399183263014e+01
-3.017219493193173108e+01 -5.222297473535283530e+01
-3.013480764634551434e+01 -5.215883713591068727e+01
-3.011644908199581749e+01 -5.212638432349530149e+01
-3.006515961906651668e+01 -5.205942510447445670e+01
-3.004298149988821365e+01 -5.202977108600902056e+01
-2.999210850646019466e+01 -5.196245489969388132e+01
-2.997039396327370753e+01 -5.193312962566972146e+01
-2.991691454736715627e+01 -5.186710521401434448e+01
-2.989242063040506281e+01 -5.183646206360037922e+01
-2.983700609359340561e+01 -5.177507897908543555e+01
-2.980548414996475870e+01 -5.173976837922029404e+01
-2.975580932077033225e+01 -5.168412258948464455e+01
-2.971954729223237734e+01 -5.164304459558499616e+01
-2.967285665364586578e+01 -5.159454742554808604e+01
-2.962701238453267294e+01 -5.154629045274077725e+01
-2.958818669019940018e+01 -5.150633071281848174e+01
-2.953365995641649278e+01 -5.144950389385348899e+01
-2.950350652841672527e+01 -5.141834329114385582e+01
-2.944069423295735888e+01 -5.135268472152998243e+01
-2.941903878143808981e+01 -5.133043651154486042e+01
-2.934677751569403270e+01 -5.125583199509290466e+01
-2.933430370733425718e+01 -5.124292763790651861e+01
-2.925349845449333941e+01 -5.115894620172193186e+01
-2.925003346231437007e+01 -5.115532950060287476e+01
-2.921712450225982849e+01 -5.112093283230174734e+01
-2.916624012651625364e+01 -5.106763764441032549e+01
-2.916092759799894196e+01 -5.106205267844802620e+01
-2.908288672883783477e+01 -5.097987278645516085e+01
-2.906893541062593656e+01 -5.096514196498199567e+01
-2.899984045621986439e+01 -5.089211827657200615e+01
-2.897723540991306734e+01 -5.086819785044335163e+01
-2.891609651525050140e+01 -5.080504383286995562e+01
-2.888331540107563100e+01 -5.077122073768632049e+01
-2.883220243703141961e+01 -5.071828376375972880e+01
-2.878959832217551451e+01 -5.067420893797640247e+01
-2.874764161236661764e+01 -5.063218316114020467e+01
-2.869258943033430498e+01 -5.057716139491242302e+01
-2.866167569825966410e+01 -5.054723680965244625e+01
-2.859206547619657357e+01 -5.048007518977465224e+01
-2.857465979063491446e+01 -5.046320806887791832e+01
-2.849156567448502742e+01 -5.038294996279350357e+01
-2.848764077132101136e+01 -5.037939539588936100e+01
-2.846726182039720143e+01 -5.036105612673318888e+01
-2.839736211835166912e+01 -5.029799502731358984e+01
-2.838381589059495269e+01 -5.028583442019470340e+01
-2.830693635198848312e+01 -5.021691191708620750e+01
-2.827531742875797960e+01 -5.018869166977844998e+01
-2.821624820343866702e+01 -5.013621946905203686e+01
-2.816569504404806068e+01 -5.009150367065197429e+01
-2.812508886894480753e+01 -5.005605751930806946e+01
-2.805400986308513467e+01 -4.999426822160984329e+01
-2.803352552408244236e+01 -4.997638037306765568e+01
-2.794222868187881303e+01 -4.989698416276584680e+01
-2.794207146388245278e+01 -4.989684169128940994e+01
-2.794130430554782052e+01 -4.989615109971589391e+01
-2.785265557301749340e+01 -4.981615513735431477e+01
-2.783440604998808965e+01 -4.979973267149617300e+01
-2.776381541204897729e+01 -4.973528860675043006e+01
-2.772774092619400577e+01 -4.970243541397363174e+01
-2.767594097803570818e+01 -4.965397689823421956e+01
-2.762357031941119700e+01 -4.960509278830477342e+01
-2.759068018761562868e+01 -4.957110391322106580e+01
-2.752910909329233391e+01 -4.950771038377084210e+01
-2.750847421637816836e+01 -4.948636642758111748e+01
-2.743462233972302755e+01 -4.941028905352180800e+01
-2.742689904954968938e+01 -4.940139989793036079e+01
-2.735472215167649779e+01 -4.931874640616700844e+01
-2.735007486550795974e+01 -4.931341022095529070e+01
-2.734957622031537738e+01 -4.931283974580489371e+01
-2.727648201660559835e+01 -4.922342343966786871e+01
-2.726990047466716405e+01 -4.921538896488925729e+01
-2.720357350575107702e+01 -4.913315553219320009e+01
-2.719121556103148762e+01 -4.911790436860573550e+01
-2.713671948937389544e+01 -4.903894740057552326e+01
-2.712379780056520673e+01 -4.902038108022844654e+01
-2.707105182688493983e+01 -4.894410144001994922e+01
-2.705621827295280823e+01 -4.892282671098718083e+01
-2.700665539592768383e+01 -4.884855561019148240e+01
-2.699094606592762347e+01 -4.882524000193825486e+01
-2.694379730381111671e+01 -4.875212277704002872e+01
-2.692785526815465857e+01 -4.872762111754465764e+01
-2.688127410093457570e+01 -4.865562212726396751e+01
-2.686457062888840852e+01 -4.862997106012124959e+01
-2.681650322872786418e+01 -4.856082419711702869e+01
-2.679650222022471340e+01 -4.853229136725272497e+01
-2.675070615265447671e+01 -4.846689591759934501e+01
-2.672787082155412364e+01 -4.843457986590135533e+01
-2.668276570499527978e+01 -4.837460834469450788e+01
-2.665399403780715204e+01 -4.833683706308556793e+01
-2.661085174494223438e+01 -4.828522731529815815e+01
-2.657176819983251548e+01 -4.823906074213530815e+01
-2.653683320157921344e+01 -4.819747297612482839e+01
-2.648900247307955524e+01 -4.814124794263145191e+01
-2.645990928967536604e+01 -4.811190192475365279e+01
-2.639113013833235755e+01 -4.804339043330344339e+01
-2.637761795015758182e+01 -4.803021954347835276e+01
-2.631394532984877443e+01 -4.796883143415868744e+01
-2.629408720135930366e+01 -4.794958360497983563e+01
-2.628982149835209725e+01 -4.794550198745454850e+01
-2.620829228971006941e+01 -4.787071206658191613e+01
-2.618280576917442914e+01 -4.784762430236966679e+01
-2.611807658225400885e+01 -4.779508928891127084e+01
-2.606142468783100341e+01 -4.774969165063725995e+01
-2.602589492816151662e+01 -4.772101802428312567e+01
-2.593889166015715020e+01 -4.765169050163697761e+01
-2.593315589365153784e+01 -4.764752299713322259e+01
-2.591867630780448550e+01 -4.763716044432149488e+01
-2.583580154096857484e+01 -4.757743326825860208e+01
-2.580253950232865279e+01 -4.755371700393368428e+01
-2.573719772314819210e+01 -4.750840254339615853e+01
-2.566015280189603232e+01 -4.745567355709744106e+01
-2.563747709795374163e+01 -4.744033479802897091e+01
-2.558750743988147391e+01 -4.740702546042822974e+01
-2.553686463320974553e+01 -4.737308507098396149e+01
-2.551344747626011156e+01 -4.735760640317053571e+01
-2.543299229878382306e+01 -4.730829503221193022e+01
-2.535238294784869950e+01 -4.725950614241511971e+01
-2.532785673572703544e+01 -4.724456608629520815e+01
-2.528264377631670712e+01 -4.721742810685245217e+01
-2.522256757676666084e+01 -4.718114259246547704e+01
-2.518934239924896090e+01 -4.716137894776829853e+01
-2.511547712140857413e+01 -4.711916244173897894e+01
-2.501618264959046556e+01 -4.706318925285995647e+01
-2.500716908736481869e+01 -4.705820730909240979e+01
-2.499296330628751761e+01 -4.705048401054150986e+01
-2.489755224784180854e+01 -4.699836388184428415e+01
-2.483548129715818220e+01 -4.696501833516040847e+01
-2.478733931364383736e+01 -4.693911480213392906e+01
-2.471486901539500280e+01 -4.690074164448319038e+01
-2.467666474020733958e+01 -4.688037204581144124e+01
-2.465073228632529379e+01 -4.686677460624105152e+01
-2.456362733079654959e+01 -4.682346098203714746e+01
-2.445123854766552540e+01 -4.676848183882756871e+01
-2.444937516954585632e+01 -4.676756293576843859e+01
-2.444692253842194418e+01 -4.676638067055247916e+01
-2.433473678627300174e+01 -4.671213384258541623e+01
-2.424669981542504971e+01 -4.667020970923871914e+01
-2.421911335921039665e+01 -4.665755538758170928e+01
-2.418631299659123002e+01 -4.664278519686337177e+01
-2.410173388364258784e+01 -4.660438244389848705e+01
-2.402851690749534441e+01 -4.657188604517961039e+01
-2.398310125693229011e+01 -4.655224898142503775e+01
-2.393349765123672768e+01 -4.653132959656824141e+01
-2.386283838882312125e+01 -4.650142412650964729e+01
-2.379569834092938763e+01 -4.647352146748150403e+01
-2.374211776140289842e+01 -4.645108827622922831e+01
-2.368619309746377510e+01 -4.642810955212513591e+01
-2.362107787654048607e+01 -4.640114903013542857e+01
-2.355657152391006193e+01 -4.637512169035429110e+01
-2.349729462690985926e+01 -4.635327428784356130e+01
-2.344493329895284717e+01 -4.633451348939703962e+01
-2.337045812645147080e+01 -4.630767736462411222e+01
-2.328268048166061277e+01 -4.627668209186956005e+01
-2.324310244060409758e+01 -4.626259887157090134e+01
-2.320975009742345208e+01 -4.625098966907316367e+01
-2.311543754885623514e+01 -4.621790598820311402e+01
-2.299913373380123005e+01 -4.617819357333462449e+01
-2.298669598266448233e+01 -4.617410478454732470e+01
-2.297723732153927045e+01 -4.617109206379763009e+01
-2.285565197083397138e+01 -4.613206297939655087e+01
-2.274917525008473262e+01 -4.609856637955223846e+01
-2.272402699841428841e+01 -4.609056390837872641e+01
-2.268884934487485694e+01 -4.607970920392395442e+01
-2.259036395388993412e+01 -4.605062886087213769e+01
-2.252463671778647836e+01 -4.603179033415943877e+01
-2.245529550609208869e+01 -4.601180548867705511e+01
-2.234660910095357167e+01 -4.598116741115200057e+01
-2.231966485961061153e+01 -4.597351072238694769e+01
-2.230255557012667111e+01 -4.596876907108116939e+01
-2.218386272047622043e+01 -4.593549378152525264e+01
-2.208203988235996817e+01 -4.590774646029510109e+01
-2.204716798563842062e+01 -4.589822204764911362e+01
-2.198862870468149922e+01 -4.588261067178018493e+01
-2.190821056333448169e+01 -4.586264442501285998e+01
-2.186463196371677498e+01 -4.585208776851712287e+01
-2.176771619890055476e+01 -4.582825709181727802e+01
-2.164938021922160516e+01 -4.579993887545103348e+01
-2.162653372597455714e+01 -4.579446579138269158e+01
-2.158162180353548720e+01 -4.578400146084092626e+01
-2.148457431244148808e+01 -4.576134711092578300e+01
-2.143573568088639902e+01 -4.575021886522512204e+01
-2.134227050116377455e+01 -4.572859499316433585e+01
-2.122306310318634459e+01 -4.570163273477993471e+01
-2.119948714122678979e+01 -4.569629098473583895e+01
-2.114968281279964302e+01 -4.568536388376517721e+01
-2.105540048966236100e+01 -4.566500816224865389e+01
-2.101212460539695215e+01 -4.565590172831733184e+01
-2.091075179922810179e+01 -4.563423346699536864e+01
-2.080221677940050640e+01 -4.561155605327593321e+01
-2.076566090735044057e+01 -4.560387483267720654e+01
-2.068129970693126651e+01 -4.558669282936401146e+01
-2.061940746808241443e+01 -4.557442676204607324e+01
-2.059371619564923250e+01 -4.556949835049539388e+01
-2.047211663558988093e+01 -4.554580530636823710e+01
-2.038649204722919706e+01 -4.552950073189418845e+01
-2.032442744577589977e+01 -4.551756301893192358e+01
-2.018009414594497741e+01 -4.549060986479594249e+01
-2.017609906247252738e+01 -4.548985990812468572e+01
-2.016567524287884794e+01 -4.548795634914108632e+01
-2.002745318098325100e+01 -4.546249967666784642e+01
-1.997458718530500121e+01 -4.545298445395232534e+01
-1.987852819247405023e+01 -4.543543499395462959e+01
-1.976973742234172349e+01 -4.541614384367761659e+01
-1.972893411828385979e+01 -4.540892355993491947e+01
-1.961501268157864786e+01 -4.538923158601866703e+01
-1.957844873249349860e+01 -4.538311667268465044e+01
-1.956594940583578435e+01 -4.538108257045379901e+01
-1.942697585673706229e+01 -4.535808701501392193e+01
-1.936319529927082073e+01 -4.534777835116921096e+01
-1.927486994583621183e+01 -4.533357828371589449e+01
-1.916128836162684479e+01 -4.531585761866219286e+01
-1.912206055833265239e+01 -4.530963487660739020e+01
-1.899820209850921771e+01 -4.529044889580885069e+01
-1.896905105314845841e+01 -4.528592404773633007e+01
-1.895989856692347431e+01 -4.528454258494261353e+01
-1.881542229507484976e+01 -4.526273539983864680e+01
-1.875930105665242920e+01 -4.525452938345438270e+01
-1.866118263098499952e+01 -4.524004401518962482e+01
-1.855928296030715785e+01 -4.522534617713384364e+01
-1.850664535694333424e+01 -4.521764057608251619e+01
-1.835976450208667288e+01 -4.519681718961848560e+01
-1.835159437147325434e+01 -4.519566610169297860e+01
-1.832212787836959933e+01 -4.519163558055316798e+01
-1.819555870736816772e+01 -4.517444459226354070e+01
-1.816110703219504430e+01 -4.516988535784491887e+01
-1.803929908029975238e+01 -4.515346031843162677e+01
-1.796284765227803604e+01 -4.514340544680658240e+01
-1.788248392913083507e+01 -4.513292580291118838e+01
-1.776527095373906917e+01 -4.511815710945882074e+01
-1.772491300743334719e+01 -4.511296997958183397e+01
-1.756805795122109615e+01 -4.509332476440914661e+01
-1.756716448298691091e+01 -4.509321182981335596e+01
-1.756349633281625700e+01 -4.509276711566548101e+01
-1.740820613217965374e+01 -4.507434206161036627e+01
-1.737167058024157740e+01 -4.507016146346461483e+01
-1.724868761742598267e+01 -4.505591553001644911e+01
-1.717572843649186609e+01 -4.504770024474629508e+01
-1.708893019340906960e+01 -4.503772057257572214e+01
-1.698011573493576520e+01 -4.502564398098229503e+01
-1.692865766787880588e+01 -4.501993525814606301e+01
-1.678499181692886921e+01 -4.500445827666922582e+01
-1.676785282504147645e+01 -4.500256861227683203e+01
-1.668672763663067116e+01 -4.499391849739015470e+01
-1.660698806392487725e+01 -4.498532113165407509e+01
-1.659014718709107328e+01 -4.498356607196856771e+01
-1.644569502295749075e+01 -4.496843022235637477e+01
-1.639571964013736505e+01 -4.496337837868776433e+01
-1.628405548700529337e+01 -4.495183279195191517e+01
-1.620158251710732955e+01 -4.494356078590857351e+01
-1.612220094864813547e+01 -4.493544261944956020e+01
-1.600773743287449946e+01 -4.492413243821511060e+01
-1.595999118505550918e+01 -4.491934862447232035e+01
-1.581420830629155816e+01 -4.490518045449783813e+01
-1.579748021197471530e+01 -4.490351454770561190e+01
-1.570896820784792425e+01 -4.489499919958541341e+01
-1.563448051543981343e+01 -4.488806617225577611e+01
-1.562104390438674351e+01 -4.488686401427176520e+01
-1.547064072833776649e+01 -4.487322744065360780e+01
-1.542834483982157323e+01 -4.486951740572087033e+01
-1.530663319067968509e+01 -4.485855776218380697e+01
-1.523585426800553400e+01 -4.485238591208005232e+01
-1.514241124249201675e+01 -4.484408584721444413e+01
-1.504361539748778576e+01 -4.483561525427563765e+01
-1.497788613360923904e+01 -4.482986695916295616e+01
-1.485161299998699036e+01 -4.481917125529409418e+01
-1.481316951814567773e+01 -4.481582885529485338e+01
-1.465981328618423518e+01 -4.480295750221779372e+01
-1.464824730939318620e+01 -4.480197941225668501e+01
-1.457530695947608734e+01 -4.479604449790849685e+01
-1.448283488302115884e+01 -4.478850564699055781e+01
-1.446833522347355405e+01 -4.478736719081257434e+01
-1.431728715412836195e+01 -4.477517996397142497e+01
-1.427706241325535252e+01 -4.477203958705521813e+01
-1.415137031364357156e+01 -4.476214224996044777e+01
-1.408605366041059881e+01 -4.475719251640563812e+01
-1.398510306769378886e+01 -4.474937915395733512e+01
-1.389525186108380694e+01 -4.474265016001498907e+01
-1.381865224952415083e+01 -4.473678451045657312e+01
-1.370464696694081752e+01 -4.472839074207496424e+01
-1.365179662358660906e+01 -4.472449585360612900e+01
-1.351431396531394391e+01 -4.471469187660881062e+01
-1.348453915074657417e+01 -4.471250963569212900e+01
-1.332412870554771267e+01 -4.470113289921619071e+01
-1.331717504594197976e+01 -4.470063999235600249e+01
-1.326399869970535406e+01 -4.469704986651018430e+01
-1.314908393498707717e+01 -4.468928148858728377e+01
-1.313425940281782189e+01 -4.468832365836306053e+01
-1.298071936161629303e+01 -4.467814463216458876e+01
-1.294457744292893508e+01 -4.467582812208874543e+01
-1.281209768928066595e+01 -4.466721390842513983e+01
-1.275508067839895965e+01 -4.466365702473527222e+01
-1.264293632753876118e+01 -4.465666298024231651e+01
-1.256581773617382858e+01 -4.465201073561311773e+01
-1.247356437588456757e+01 -4.464628646643950560e+01
-1.237667417184133711e+01 -4.464047106383659980e+01
-1.230385327030168163e+01 -4.463616260949504522e+01
-1.218778417034546102e+01 -4.462957052828392079e+01
-1.213359162923261536e+01 -4.462642004425049436e+01
-1.199902394798869842e+01 -4.461884570395017136e+01
-1.196318810400267552e+01 -4.461680561185715987e+01
-1.181042950135369018e+01 -4.460845130728790764e+01
-1.179239298638053057e+01 -4.460747164652067909e+01
-1.162202439317038660e+01 -4.459850090292133018e+01
-1.162114602813198161e+01 -4.459845341592387058e+01
-1.161234108494219086e+01 -4.459799884993790897e+01
-1.144946372960959380e+01 -4.458974923705608262e+01
-1.143380285443670275e+01 -4.458898330692247214e+01
-1.127709902662531682e+01 -4.458149799376778333e+01
-1.124579425882028083e+01 -4.458005562019855006e+01
-1.110457624119088571e+01 -4.457337784734085062e+01
-1.105788025648175221e+01 -4.457123535357786182e+01
-1.093181213121527229e+01 -4.456543850875789303e+01
-1.087010081011619711e+01 -4.456270467991572559e+01
-1.075863289630061992e+01 -4.455778414266885079e+01
-1.068246426317968201e+01 -4.455451660128775870e+01
-1.058531575440625438e+01 -4.455024555768551409e+01
-1.049490422557308733e+01 -4.454638612382990459e+01
-1.041167070210443057e+01 -4.454293666024307186e+01
-1.030751707742710543e+01 -4.453876538374447591e+01
-1.023762483918625144e+01 -4.453589998805648520e+01
-1.012020424161841170e+01 -4.453121536976101424e+01
-1.006347743179439647e+01 -4.452895412788808471e+01
-9.933004575614972964e+00 -4.452392804089095080e+01
-9.888980569308142066e+00 -4.452224719897623118e+01
-9.745919596744558433e+00 -4.451692620210013729e+01
-9.714229369716624873e+00 -4.451572086138230588e+01
-9.558897188301626713e+00 -4.450996498869088214e+01
-9.539403821337600675e+00 -4.450926651905791687e+01
-9.372018373805664382e+00 -4.450346214011941015e+01
-9.364009521043398010e+00 -4.450317851232799171e+01
-9.241027996467273908e+00 -4.449896156220299304e+01
-9.188613627623912095e+00 -4.449711964231784123e+01
-9.185199154319226622e+00 -4.449700459467311475e+01
-9.012963926274686344e+00 -4.449124267843183134e+01
-8.998473274097213093e+00 -4.449077300665311441e+01
-8.837018314283824338e+00 -4.448556577659542199e+01
-8.811838237039813393e+00 -4.448477335697845092e+01
-8.661048897147432868e+00 -4.447992698316031124e+01
-8.625256003289447193e+00 -4.447880874621174030e+01
-8.484655978593986347e+00 -4.447456173452141570e+01
-8.438784337723923556e+00 -4.447321081827450939e+01
-8.308148730090518796e+00 -4.446928646130180596e+01
-8.252362230799485943e+00 -4.446764899774916557e+01
-8.131479369732643292e+00 -4.446412868020334486e+01
-8.066014709599924615e+00 -4.446227512687352146e+01
-7.954543229126701753e+00 -4.445914903774826143e+01
-7.879740661230980159e+00 -4.445709586235238930e+01
-7.777524290416844899e+00 -4.445423883338807514e+01
-7.693511201928170173e+00 -4.445194483311374256e+01
-7.600231056650290640e+00 -4.444950945363490291e+01
-7.507375859371272497e+00 -4.444714163037417620e+01
-7.422685868997387360e+00 -4.444494679839391438e+01
-7.321282287584922166e+00 -4.444236889630499832e+01
-7.245031748931952009e+00 -4.444046669024976381e+01
-7.135255158504987705e+00 -4.443779546862987218e+01
-7.067077500019406600e+00 -4.443617960451354065e+01
-6.949294027608872604e+00 -4.443343437361843939e+01
-6.888953646733401825e+00 -4.443200877529386617e+01
-6.763368975359792756e+00 -4.442909032796933388e+01
-6.710647071346473425e+00 -4.442796108555208434e+01
-6.577535695917977598e+00 -4.442517235138814158e+01
-6.531863280701207586e+00 -4.442420571307090427e+01
-6.391736000671710549e+00 -4.442127956586077175e+01
-6.353014254170523678e+00 -4.442050367312947401e+01
-6.205996277560984709e+00 -4.441761894583441972e+01
-6.173802948398713575e+00 -4.441702534670878322e+01
-6.020317725089544325e+00 -4.441422164258096927e+01
-5.994275663669219156e+00 -4.441374283285404090e+01
-5.834666674367751327e+00 -4.441083509996832390e+01
-5.814669744344887370e+00 -4.441051909630863292e+01
-5.649099899803678326e+00 -4.440794422641877759e+01
-5.634350805173724552e+00 -4.440771616429168489e+01
-5.463558948315742292e+00 -4.440508458096900313e+01
-5.453991797668133579e+00 -4.440494785187240723e+01
-5.278066430710050660e+00 -4.440246572896052157e+01
-5.273255441290761070e+00 -4.440240583362898974e+01
-5.092625761349466096e+00 -4.440014631407643719e+01
-5.092052847592900555e+00 -4.440013920052695084e+01
-5.067522673577959935e+00 -4.439985025794055673e+01
-4.910793830316232622e+00 -4.439791714679597590e+01
-4.907207873097141793e+00 -4.439787303541970687e+01
-4.728756161848865602e+00 -4.439614453493314272e+01
-4.721854301121148900e+00 -4.439607741384455153e+01
-4.546649051608589787e+00 -4.439441855345401677e+01
-4.536518197277003672e+00 -4.439432068208293458e+01
-4.364242628261113310e+00 -4.439286814617341292e+01
-4.351212996999499261e+00 -4.439275665857252307e+01
-4.181389842195573969e+00 -4.439157472182998276e+01
-4.165943138850997762e+00 -4.439146244030342814e+01
-3.998514049878052035e+00 -4.439029965702849267e+01
-3.980683395708568550e+00 -4.439017024751194640e+01
-3.815096485559314576e+00 -4.438933266898584407e+01
-3.795461070697036199e+00 -4.438922714256008817e+01
-3.631559564647630189e+00 -4.438843632239090198e+01
-3.610249025987461557e+00 -4.438832453549539991e+01
-3.447842249211691357e+00 -4.438764413294262567e+01
-3.425052281855153424e+00 -4.438753965801578261e+01
-3.263806486222256886e+00 -4.438703209246745018e+01
-3.239874317691554761e+00 -4.438694447547661071e+01
-3.079736574844683883e+00 -4.438644156070444069e+01
-3.054700969288675960e+00 -4.438634997497536006e+01
-2.895365237622804067e+00 -4.438602016903132608e+01
-2.869543924588935813e+00 -4.438595263653996881e+01
-2.710900149274844573e+00 -4.438565227982974193e+01
-2.684391654436132146e+00 -4.438558622662984021e+01
-2.526346720400041157e+00 -4.438533457760354395e+01
-2.499245070029179061e+00 -4.438527519601444737e+01
-2.341618432044829667e+00 -4.438511427831997480e+01
-2.314105857208158756e+00 -4.438506795699598229e+01
-2.156866343594000313e+00 -4.438490795468698025e+01
-2.128968245425363559e+00 -4.438486092716382814e+01
-1.971984542760092607e+00 -4.438477346084295050e+01
-1.943835625346093332e+00 -4.438473825349348090e+01
-1.787053429691304762e+00 -4.438466645290000656e+01
-1.758704587156114663e+00 -4.438463311328857230e+01
-1.602091390836475338e+00 -4.438457674172937573e+01
-1.573574940008940048e+00 -4.438454584862398633e+01
-1.417062529008241700e+00 -4.438452373433318598e+01
-1.388447105092059708e+00 -4.438449823343401590e+01
-1.232023562538996586e+00 -4.438447643067578952e+01
-1.203319639230441496e+00 -4.438445075261580541e+01
-1.046949840905981199e+00 -4.438444814045928410e+01
-1.018193008157681101e+00 -4.438442552957405951e+01
-8.618611322152321952e-01 -4.438442806527046969e+01
-8.330666719836130607e-01 -4.438440616149540574e+01
-6.767640708738471567e-01 -4.438441257713046184e+01
-6.479405435761290688e-01 -4.438439118425304741e+01
-4.916475785957515887e-01 -4.438440760783689143e+01
-4.628146405144578646e-01 -4.438438769771155989e+01
-3.065279132724947897e-01 -4.438440436321457128e+01
-2.776887649674043557e-01 -4.438438433975917974e+01
-1.213824894014322586e-01 -4.438441493379801273e+01
-9.256294622592201038e-02 -4.438439713560470068e+01
-6.375137293997067134e-02 -4.438441927947550880e+01
9.256298096144818799e-02 -4.438441522568655273e+01
1.213381030316176556e-01 -4.438443871578857625e+01
2.776891080877543772e-01 -4.438444390486313296e+01
3.064020113121627142e-01 -4.438447196031205522e+01
4.628157729177539981e-01 -4.438450564752844230e+01
4.914135377541865579e-01 -4.438453352515014672e+01
6.479429120885306093e-01 -4.438456739941997853e+01
6.764106395143576478e-01 -4.438460312269378960e+01
8.330715132686111746e-01 -4.438468630644177892e+01
8.613118808451479813e-01 -4.438472479828340056e+01
1.018201484823492819e+00 -4.438482685420984808e+01
1.046173806431031528e+00 -4.438486826514485983e+01
1.203333162000846279e+00 -4.438499248441374334e+01
1.230972034507178625e+00 -4.438504688620415095e+01
1.388468890850754311e+00 -4.438525461530383609e+01
1.415619756669743934e+00 -4.438530807185270532e+01
1.573606633116656717e+00 -4.438551674584309126e+01
1.600242150381583794e+00 -4.438558414751005898e+01
1.758750547056901814e+00 -4.438589284876323404e+01
1.784673699702016503e+00 -4.438596555883802353e+01
1.943899435980786627e+00 -4.438632068037787803e+01
1.969020181219363508e+00 -4.438639510260443899e+01
2.129053185048159325e+00 -4.438678414279877416e+01
2.153273542179630962e+00 -4.438687749407898764e+01
2.314218708910829037e+00 -4.438741871163054498e+01
2.337261666648586367e+00 -4.438750760670569662e+01
2.499389141692024197e+00 -4.438805393459765014e+01
2.521223290922209870e+00 -4.438815495411353140e+01
2.684573183683051312e+00 -4.438884589372057121e+01
2.704923200667024297e+00 -4.438894938429606896e+01
2.869768313295643747e+00 -4.438972188402098595e+01
2.888491516826763306e+00 -4.438981989451204413e+01
3.054972517019077571e+00 -4.439063484635204304e+01
3.071969109017075095e+00 -4.439074432339853615e+01
3.240199060819418886e+00 -4.439177578111991807e+01
3.255087866355658388e+00 -4.439187181519559999e+01
3.425434504981144990e+00 -4.439291857489033077e+01
3.438193175125527468e+00 -4.439301154182760456e+01
3.610691734884643456e+00 -4.439423494457150809e+01
3.621010966035501433e+00 -4.439431632494711266e+01
3.795967552214984497e+00 -4.439565884967890952e+01
3.803660970439924682e+00 -4.439572032532268508e+01
3.981256991335738515e+00 -4.439711514683833116e+01
3.986254347142703214e+00 -4.439716195341190996e+01
4.166579940472447952e+00 -4.439882956062515973e+01
4.168424768671418867e+00 -4.439884687396022400e+01
4.274843962823359433e+00 -4.439986908778473662e+01
4.350578928851877691e+00 -4.440054923745199744e+01
4.351917746637679052e+00 -4.440056172335457063e+01
4.532414743687455783e+00 -4.440243996855485875e+01
4.537287533760149039e+00 -4.440249072862118851e+01
4.714054045583033314e+00 -4.440444973010846752e+01
4.722684472509391718e+00 -4.440454510049667647e+01
4.895661182680424162e+00 -4.440648618326699193e+01
4.908100002041146048e+00 -4.440662664062756448e+01
5.076849531622256606e+00 -4.440876889372941605e+01
5.093560544483501928e+00 -4.440898207452613633e+01
5.258013524126048388e+00 -4.441107508978129204e+01
5.279039959780173596e+00 -4.441134413701098538e+01
5.438959406359163751e+00 -4.441351531787674389e+01
5.464555966339289306e+00 -4.441386820741894326e+01
5.619701514841379364e+00 -4.441608221788260380e+01
5.650106514457528206e+00 -4.441652082991595307e+01
5.800410141774592354e+00 -4.441867914437469267e+01
5.835680076232957703e+00 -4.441919462724595746e+01
5.980797117774646843e+00 -4.442147148598823492e+01
6.021305283999606850e+00 -4.442211648214245656e+01
6.161113757105453281e+00 -4.442431607879510125e+01
6.206954292075492319e+00 -4.442504817655384386e+01
6.341291007079504105e+00 -4.442725299536201078e+01
6.392643794696766690e+00 -4.442811450574507148e+01
6.521286572081698374e+00 -4.443030720157372571e+01
6.578372921813301133e+00 -4.443129766105590761e+01
6.701240082954895705e+00 -4.443339872180408179e+01
6.764129245849429317e+00 -4.443449956402488965e+01
6.880954827077409242e+00 -4.443664171242178895e+01
6.949943550791613411e+00 -4.443793182037816791e+01
7.060553217060875575e+00 -4.443996607066515026e+01
7.135786327309394217e+00 -4.444137739112397867e+01
7.240046034166969235e+00 -4.444336603278981102e+01
7.321677226644095704e+00 -4.444496436843166975e+01
7.419337552672734759e+00 -4.444689784523666276e+01
7.507616351053622239e+00 -4.444868285138304032e+01
7.598554050111615332e+00 -4.445048859593015322e+01
7.693587958798799420e+00 -4.445242481527864697e+01
7.777557826111980432e+00 -4.445421921393915454e+01
7.879635548777605969e+00 -4.445645413222797515e+01
7.956330046082918273e+00 -4.445810160467877381e+01
8.065717800416951633e+00 -4.446050439673351207e+01
8.135015514977762763e+00 -4.446205164487631123e+01
8.251863148754912558e+00 -4.446473990305014468e+01
8.313431553891629022e+00 -4.446617728353524512e+01
8.438072770093672403e+00 -4.446915502500681328e+01
8.491694903031634212e+00 -4.447041074990494280e+01
8.624321641537886052e+00 -4.447359850690870076e+01
8.669812243410376595e+00 -4.447474876481322781e+01
8.810673258003802744e+00 -4.447841508652092557e+01
8.847509708387914173e+00 -4.447935415633486400e+01
8.997067426745603669e+00 -4.448325973140373435e+01
9.025168535149161286e+00 -4.448400234513655960e+01
9.183541646991331575e+00 -4.448832702703077757e+01
9.202520868799833664e+00 -4.448885286464448541e+01
9.370097925742420841e+00 -4.449361388070931866e+01
9.379614646413804380e+00 -4.449387839679340573e+01
9.556701030927833074e+00 -4.449893008209883760e+01
9.556701030927833074e+00 -4.449893008209883760e+01
9.556701030927833074e+00 -4.449893008209883760e+01
9.733198861061286067e+00 -4.450436291175114434e+01
9.743435783896060798e+00 -4.450468634039640392e+01
9.909692146322532480e+00 -4.450982185396426871e+01
9.930221512288978758e+00 -4.451047284153258943e+01
1.008590658002280982e+01 -4.451547203731473701e+01
1.011710498729909880e+01 -4.451650981907727100e+01
1.026180234190466756e+01 -4.452133862004541243e+01
1.030408746154916777e+01 -4.452278935211643329e+01
1.043764495387931923e+01 -4.452726261516500017e+01
1.049112958691812736e+01 -4.452911827787926313e+01
1.061302353560386358e+01 -4.453349293868399172e+01
1.067832349891609667e+01 -4.453590810577466641e+01
1.078820351890979801e+01 -4.453987055630909708e+01
1.086558061012470766e+01 -4.454274347065322104e+01
1.096320609984221761e+01 -4.454638349722657154e+01
1.105295551877285831e+01 -4.454985903940172420e+01
1.113785244093064541e+01 -4.455314141420063834e+01
1.124044582038223439e+01 -4.455723036385867886e+01
1.131234669999476061e+01 -4.456002131278046363e+01
1.142801116170970488e+01 -4.456467524880898168e+01
1.148658948760508736e+01 -4.456708466072311126e+01
1.161574539093628822e+01 -4.457257765618768985e+01
1.166042640541902919e+01 -4.457442707604974430e+01
1.180355601711353408e+01 -4.458053959098697305e+01
1.183419768721326371e+01 -4.458184157834506323e+01
1.199150038992271838e+01 -4.458878753861529276e+01
1.200763316093604693e+01 -4.458949463945623393e+01
1.217956978838413384e+01 -4.459727370623230058e+01
1.218082802257807273e+01 -4.459732908700658527e+01
1.219536892914802451e+01 -4.459800309864209567e+01
1.235365355882669647e+01 -4.460543421031064781e+01
1.236780175944497984e+01 -4.460612425625035371e+01
1.252597813227792400e+01 -4.461388515938216415e+01
1.255621871921652755e+01 -4.461541496509082094e+01
1.269823686748286917e+01 -4.462241342577416958e+01
1.274472724572143001e+01 -4.462477563810821835e+01
1.287027728383441172e+01 -4.463111421472819984e+01
1.293338513235832465e+01 -4.463441704052232240e+01
1.304206077987696588e+01 -4.464001259197721083e+01
1.312217566448213546e+01 -4.464426581918684178e+01
1.321374620458611560e+01 -4.464901070266594729e+01
1.331107780655114681e+01 -4.465423726108431879e+01
1.338517417174958801e+01 -4.465820874175798849e+01
1.350015810163374042e+01 -4.466456195574357935e+01
1.355637563595664119e+01 -4.466758853827550979e+01
1.368934321215397709e+01 -4.467496855532010613e+01
1.372748529293145126e+01 -4.467706672773908849e+01
1.387869957182158309e+01 -4.468568257143977007e+01
1.389828658354616309e+01 -4.468677999076069796e+01
1.406819713504614811e+01 -4.469658909993452767e+01
1.406893669587928386e+01 -4.469663078995708361e+01
1.407555511292103922e+01 -4.469702274426506960e+01
1.423935039287555959e+01 -4.470668422137353559e+01
1.425787964610666592e+01 -4.470781611516414955e+01
1.440936733038397932e+01 -4.471703279381841867e+01
1.444776998042550709e+01 -4.471943603528322342e+01
1.457930815196851349e+01 -4.472747462486023551e+01
1.463778139287078517e+01 -4.473115049251541109e+01
1.474895268389616376e+01 -4.473815010366033107e+01
1.482802031523913655e+01 -4.474329845787445947e+01
1.491828547710547426e+01 -4.474907045028669472e+01
1.501841933277361640e+01 -4.475564866196498315e+01
1.508748878272430005e+01 -4.476012097633366693e+01
1.520899986115632530e+01 -4.476826042446344900e+01
1.525634821268660346e+01 -4.477143937385906725e+01
1.539982543276150828e+01 -4.478132062167409799e+01
1.542488971108468299e+01 -4.478301063249725189e+01
1.559078949806686154e+01 -4.479448611957644744e+01
1.559337794947154698e+01 -4.479466664105433438e+01
1.561200178418796902e+01 -4.479602199875265001e+01
1.576117372043901099e+01 -4.480682929616429533e+01
1.578210763539834893e+01 -4.480839244492381113e+01
1.592882337393492875e+01 -4.481914034299919081e+01
1.597360441083847427e+01 -4.482249842101995796e+01
1.609622428567616836e+01 -4.483166551473149752e+01
1.616534723931043516e+01 -4.483699674105110944e+01
1.626316967125768187e+01 -4.484453971385747195e+01
1.635736750702114151e+01 -4.485196450219319786e+01
1.642993982768294714e+01 -4.485758350106436865e+01
1.654956050564732095e+01 -4.486708340984796450e+01
1.659642287855397313e+01 -4.487087046915968358e+01
1.674214307088938369e+01 -4.488296461892019806e+01
1.676229962505597371e+01 -4.488460944109951356e+01
1.688654000751433060e+01 -4.489499001468968231e+01
1.692797167329779739e+01 -4.489854502448852713e+01
1.693496753079172734e+01 -4.489916207187255281e+01
1.709265586981218021e+01 -4.491319600352863972e+01
1.712832472669138539e+01 -4.491646404173943097e+01
1.725692813708967677e+01 -4.492817966698109444e+01
1.732198871478273006e+01 -4.493422349456173492e+01
1.742106221796968413e+01 -4.494331862694465940e+01
1.751590770341042713e+01 -4.495228398176794826e+01
1.758465779312107813e+01 -4.495887647086689753e+01
1.771027717978140004e+01 -4.497115940605820583e+01
1.774783620827679442e+01 -4.497477578551416855e+01
1.790486013552041911e+01 -4.499019338321562600e+01
1.791093750972752474e+01 -4.499079464607618206e+01
1.794125057925696254e+01 -4.499390344000525488e+01
1.807342428175321203e+01 -4.500730039099346413e+01
1.809992511714047581e+01 -4.501006939033851495e+01
1.823566963442866751e+01 -4.502403969535086503e+01
1.829528995802656866e+01 -4.503029773436358596e+01
1.839769432337008936e+01 -4.504099733178892961e+01
1.849101753864540854e+01 -4.505103103791915942e+01
1.855920347187105790e+01 -4.505837020012879179e+01
1.868717662161114390e+01 -4.507242683961129615e+01
1.872040906132927418e+01 -4.507601972761301568e+01
1.887198037714579613e+01 -4.509277219863054142e+01
1.888146915277852145e+01 -4.509384324282387979e+01
1.888362094216789089e+01 -4.509409509783830572e+01
1.904113603497453511e+01 -4.511268802454856086e+01
1.908094628784558466e+01 -4.511748610699942219e+01
1.920069101445913518e+01 -4.513168804007275980e+01
1.927856401174805612e+01 -4.514111873661551044e+01
1.935992727289983506e+01 -4.515098270985413365e+01
1.947671318444540134e+01 -4.516556508270906534e+01
1.951858828738658858e+01 -4.517074567572998944e+01
1.967529120950233334e+01 -4.519055249906583072e+01
1.967699387023251489e+01 -4.519076466479506848e+01
1.968359258466884398e+01 -4.519161804536636851e+01
1.983483137745673730e+01 -4.521126781140387152e+01
1.987452698218908154e+01 -4.521658470003742991e+01
1.999201019829477488e+01 -4.523230296066410006e+01
2.007438452670607987e+01 -4.524356436299106576e+01
2.014894518628267761e+01 -4.525359202585858043e+01
2.027461869165534836e+01 -4.527089214782338900e+01
2.030556161806908477e+01 -4.527518699204472341e+01
2.041219818211678572e+01 -4.529045848132790297e+01
2.046128513684353223e+01 -4.529748428157401463e+01
2.047568635977522433e+01 -4.529960013293739962e+01
2.061683621381420650e+01 -4.532000519926492643e+01
2.067728000398746246e+01 -4.532893448714852980e+01
2.077191573277331216e+01 -4.534294180218208226e+01
2.087961940172401754e+01 -4.535938762553178094e+01
2.092630461805283559e+01 -4.536644541348942994e+01
2.107359805963652377e+01 -4.538920957781252241e+01
2.108033126382757416e+01 -4.539029582227900050e+01
2.108259123528486967e+01 -4.539067060197209003e+01
2.123266752099814525e+01 -4.541541958680542734e+01
2.128707835964800310e+01 -4.542467935273495527e+01
2.138424582776823613e+01 -4.544116607129274144e+01
2.149242656330136114e+01 -4.545992753418425991e+01
2.153545439107259440e+01 -4.546727224288059688e+01
2.165342724779680594e+01 -4.548797284897085547e+01
2.168636151126575129e+01 -4.549369753686531226e+01
2.169840348622786763e+01 -4.549586722980438935e+01
2.183644938762492060e+01 -4.552081103654882099e+01
2.190552962960740047e+01 -4.553357109350434939e+01
2.198623316482570544e+01 -4.554824507032364522e+01
2.211326102294191642e+01 -4.557185712673421563e+01
2.213567108566223851e+01 -4.557603012300933187e+01
2.219095428616969912e+01 -4.558669123590928507e+01
2.228313278263039621e+01 -4.560530717336990847e+01
2.232298249379420341e+01 -4.561358534128441988e+01
2.242960663667680876e+01 -4.563539335028710298e+01
2.253400466133680879e+01 -4.565722909653825923e+01
2.257564745759405511e+01 -4.566589989000101468e+01
2.266605064230311228e+01 -4.568536521960055552e+01
2.272045462004372141e+01 -4.569739258689685357e+01
2.274665008453925097e+01 -4.570338777590376367e+01
2.286402627461570702e+01 -4.572988230906690887e+01
2.296107243898366335e+01 -4.575228455096134894e+01
2.300714113668680127e+01 -4.576281708164211182e+01
2.309681073791458061e+01 -4.578400412985803314e+01
2.314947544993887618e+01 -4.579643324303896179e+01
2.317691946005794179e+01 -4.580313381361520442e+01
2.329103638483695704e+01 -4.583073484318632040e+01
2.339441146944328764e+01 -4.585629915517873201e+01
2.343212452442395488e+01 -4.586549931092866927e+01
2.350002011473214125e+01 -4.588261149595297184e+01
2.357024764030721897e+01 -4.590248331002493387e+01
2.361559330074743457e+01 -4.591572619778460762e+01
2.370528389388833546e+01 -4.594177761479699029e+01
2.383799780658420886e+01 -4.598114392856251698e+01
2.383970516407055840e+01 -4.598164644806433898e+01
2.384086569657534227e+01 -4.598199676770869360e+01
2.397402075614643380e+01 -4.602176259546445181e+01
2.406802283461323455e+01 -4.605061640048919003e+01
2.410742363930384258e+01 -4.606266503763006881e+01
2.416193507257948880e+01 -4.607971671906108213e+01
2.423823351448457331e+01 -4.610555363265402207e+01
2.429988199618043154e+01 -4.612687495433763729e+01
2.436720931181494620e+01 -4.614989413306784627e+01
2.444793399893239894e+01 -4.617821726057283627e+01
2.449434098800800186e+01 -4.619569703250036241e+01
2.453743351170573916e+01 -4.621236060167629489e+01
2.461871335227774793e+01 -4.624361729358545858e+01
2.470308258910354127e+01 -4.627668252395181980e+01
2.474259170527955476e+01 -4.629205437424735692e+01
2.478098050005523945e+01 -4.630729939567666520e+01
2.486622941709593704e+01 -4.634084331812960045e+01
2.495141557524541653e+01 -4.637511578176921034e+01
2.498709116177222356e+01 -4.639176088840486045e+01
2.503136617459143665e+01 -4.641287982160602610e+01
2.510259296464077394e+01 -4.644664514532803423e+01
2.515832690074863720e+01 -4.647352193309029644e+01
2.521773469207813889e+01 -4.650196703728752823e+01
2.529449026020060742e+01 -4.653934565055371309e+01
2.533250727714750994e+01 -4.655773263164604714e+01
2.536116539697866301e+01 -4.657187822047885106e+01
2.544554422555335549e+01 -4.661491841961395721e+01
2.555207339652385201e+01 -4.667018768720171806e+01
2.555743457721438716e+01 -4.667309161811169815e+01
2.556577604139182469e+01 -4.667769283984659978e+01
2.566695456862971270e+01 -4.673314427184911324e+01
2.573060117040996886e+01 -4.676851933749978230e+01
2.577610636585002624e+01 -4.679364116091522874e+01
2.584940261316511823e+01 -4.683471169674717771e+01
2.588494876445045989e+01 -4.685454843172209394e+01
2.590646206867803514e+01 -4.686677132526651235e+01
2.599295001693611340e+01 -4.691625217259678493e+01
2.607708854423031752e+01 -4.696500566267968679e+01
2.610046924056075213e+01 -4.697848266369112480e+01
2.614115414389298309e+01 -4.700227829931674250e+01
2.620781155273635221e+01 -4.704104095137785180e+01
2.624532988816285339e+01 -4.706321470791939987e+01
2.631498091782937010e+01 -4.710391938881130613e+01
2.641167430550528650e+01 -4.716135704112551252e+01
2.642176042048674134e+01 -4.716726300969969543e+01
2.644002921931598138e+01 -4.717816595023876403e+01
2.652860234957192631e+01 -4.723077337339015003e+01
2.657634657540593182e+01 -4.725951765742158273e+01
2.663514948664881743e+01 -4.729468817806764491e+01
2.673893680649100446e+01 -4.735757999444328448e+01
2.674133534723600647e+01 -4.735905141780457939e+01
2.674607031849893701e+01 -4.736200497785890207e+01
2.684637666529349076e+01 -4.742444055230586741e+01
2.689564112660261230e+01 -4.745568616681930507e+01
2.695071427522316299e+01 -4.749052395068676446e+01
2.704915361257536333e+01 -4.755368707658328731e+01
2.705453519444525412e+01 -4.755716954690973353e+01
2.706631037911105153e+01 -4.756491925592419534e+01
2.715753546589142431e+01 -4.762461280450654044e+01
2.719820619774333181e+01 -4.765172204330625050e+01
2.725880626963799713e+01 -4.769348017923206839e+01
2.733881165993617657e+01 -4.774967821600296247e+01
2.735871225316605759e+01 -4.776351259457319998e+01
2.740899622293995463e+01 -4.779919363362830609e+01
2.745828147846749445e+01 -4.783399420022138315e+01
2.747726266085825131e+01 -4.784761512187148469e+01
2.755633063187423204e+01 -4.790576165604474568e+01
2.760966805903552768e+01 -4.794553659872806861e+01
2.765346636841444550e+01 -4.797837740614448876e+01
2.773888793494439398e+01 -4.804338429531279075e+01
2.774990480581135444e+01 -4.805168955984322565e+01
2.778302715829432756e+01 -4.807709746751038438e+01
2.784615647481124157e+01 -4.812535005795351140e+01
2.786665448184120919e+01 -4.814123723768148011e+01
2.794257190641722843e+01 -4.819910714705790156e+01
2.799441777363539785e+01 -4.823906060264511098e+01
2.803890398408143270e+01 -4.827313006567072762e+01
2.812115833473674442e+01 -4.833681598772341204e+01
2.813522786442426948e+01 -4.834736678178367697e+01
2.817804358893999961e+01 -4.837983031368241882e+01
2.823262078696238575e+01 -4.842106913858106054e+01
2.825028918535845079e+01 -4.843456617369361084e+01
2.833063298232989169e+01 -4.849455369719888154e+01
2.838076713705918053e+01 -4.853229818296532017e+01
2.842874112484377491e+01 -4.856818234446259908e+01
2.851065490428667815e+01 -4.862996064878132074e+01
2.852695826041218652e+01 -4.864194695878023822e+01
2.857591958121852116e+01 -4.867822660869327933e+01
2.862609202655736951e+01 -4.871528947879255611e+01
2.864264237460605500e+01 -4.872761207807732831e+01
2.872526780384398748e+01 -4.878882649374332914e+01
2.877411318251047234e+01 -4.882525176373579257e+01
2.882416744461091440e+01 -4.886277383719871636e+01
2.890382236067679855e+01 -4.892282326343959653e+01
2.892274098902748491e+01 -4.893716759589096910e+01
2.898489260822660540e+01 -4.898456394734600394e+01
2.902098629170128419e+01 -4.901201652848422441e+01
2.903189149746502906e+01 -4.902037038450887962e+01
2.911933565312705241e+01 -4.908702249722435340e+01
2.915965618411249594e+01 -4.911792282806354137e+01
2.921654621904242077e+01 -4.916304816484532125e+01
2.928232833506997679e+01 -4.921541375465119472e+01
2.931301230489165022e+01 -4.923981732366308961e+01
2.940457146471652550e+01 -4.931284748674030993e+01
2.940947890831617784e+01 -4.931680804778702054e+01
2.942866357922155629e+01 -4.933236192017992039e+01
2.950537769172792579e+01 -4.939443213562924484e+01
2.952489687072185376e+01 -4.941030227751437565e+01
2.960029500909195477e+01 -4.947297055577948299e+01
2.964196727736421977e+01 -4.950772116569507375e+01
2.969509091358288799e+01 -4.955181846328076745e+01
2.975910267209624749e+01 -4.960508899030540420e+01
2.978933241505027141e+01 -4.963127983663338227e+01
2.987134178898533676e+01 -4.970240970873811648e+01
2.988221592593916753e+01 -4.971191731489074073e+01
2.993646999781863016e+01 -4.975945263910688254e+01
2.997480926508592347e+01 -4.979298936678787868e+01
2.998245698128639347e+01 -4.979971641946590921e+01
3.006662047331005638e+01 -4.987484219108753791e+01
3.009137419431071336e+01 -4.989702094905459262e+01
3.015569146501444919e+01 -4.995883463479023590e+01
3.019250004707118507e+01 -4.999428133207666747e+01
3.024392974975752324e+01 -5.004363405909037965e+01
3.029377655212296361e+01 -5.009150350481149871e+01
3.033051687436811861e+01 -5.012981034631141597e+01
3.038694107134503142e+01 -5.018869054277490704e+01
3.041408716251793365e+01 -5.021831215761051226e+01
3.047592032274013363e+01 -5.028584565646966098e+01
3.049615910283337783e+01 -5.030807887648086307e+01
3.056412353702564033e+01 -5.038296901292974894e+01
3.057708894368722596e+01 -5.039886086617707406e+01
3.064327646321325460e+01 -5.048006695853328551e+01
3.065373219764008894e+01 -5.049283768472059819e+01
3.072276931519656173e+01 -5.057713491381164772e+01
3.073057806806956904e+01 -5.058688940297142267e+01
3.080068766665496938e+01 -5.067417446469059428e+01
3.080661209763451680e+01 -5.068171924101733339e+01
3.087719564877662748e+01 -5.077118583797283691e+01
3.088197348873556791e+01 -5.077722965032748448e+01
3.095420108540480797e+01 -5.086816772305633094e+01
3.095776867666862131e+01 -5.087265617031141574e+01
3.103192552671575655e+01 -5.096512001317523755e+01
3.103415097971942771e+01 -5.096789518434795241e+01
3.111048702435729041e+01 -5.106204266232674627e+01
3.111117549543292071e+01 -5.106291122799947857e+01
3.115782129714004611e+01 -5.112103214100855553e+01
3.118786139320284789e+01 -5.115838146206192505e+01
3.118831438679462309e+01 -5.115893951207596047e+01
3.126341929806608633e+01 -5.125484695446510841e+01
3.126418326999066721e+01 -5.125580892317333337e+01
3.133969849485643522e+01 -5.135103829372613404e+01
3.134100100579302151e+01 -5.135265007221082101e+01
3.136165281005949268e+01 -5.138378030627222870e+01
3.140530342705747557e+01 -5.144946478057298123e+01
3.140760769344107572e+01 -5.145317720083937729e+01
3.146662875708991791e+01 -5.154625907350896341e+01
3.147290377462585909e+01 -5.155730698425131209e+01
3.152302376796878747e+01 -5.164302619196743649e+01
3.153024657587965507e+01 -5.166705582404637198e+01
3.155324831259718366e+01 -5.173976915221891204e+01
3.156876991601326665e+01 -5.178977101098459457e+01
3.158391413721300367e+01 -5.183646560242414125e+01
3.158965609499192340e+01 -5.192453586801121901e+01
3.159030250790769045e+01 -5.193309808763191882e+01
3.158882469841167406e+01 -5.194786057115140920e+01
3.158018093579068264e+01 -5.202977340060843403e+01
3.157375396272142254e+01 -5.208415882893433491e+01
3.156921113574960458e+01 -5.212638043180095337e+01
3.154686718510558308e+01 -5.217096290598919950e+01
3.152054309728124792e+01 -5.222296954548289705e+01
3.148426631769503103e+01 -5.229288182191245937e+01
3.147067738236836476e+01 -5.231950419910478445e+01
3.145913477092080157e+01 -5.233773789235411300e+01
3.140934923452653393e+01 -5.241606421081880285e+01
3.135444794398510027e+01 -5.248432857816357000e+01
3.133156104334142000e+01 -5.251254778220163644e+01
3.127769600637571656e+01 -5.257838800504026722e+01
3.125272735167270000e+01 -5.260900602109413171e+01
3.124125622536651647e+01 -5.262128990439157405e+01
3.116184476693771899e+01 -5.270548224992120367e+01
3.111968920933142613e+01 -5.274879638495738732e+01
3.106771472989856875e+01 -5.280190565101628408e+01
3.099568572185414794e+01 -5.287423301900548722e+01
3.097177782003232949e+01 -5.289827890306170843e+01
3.088788554461446623e+01 -5.298095994102430950e+01
3.087404192573318085e+01 -5.299461721763944411e+01
3.087000828272753594e+01 -5.299855296650557079e+01
3.077533535372753093e+01 -5.309098904123342777e+01
3.074381489079091878e+01 -5.312319735376124186e+01
3.068078143937623636e+01 -5.318731302551245221e+01
3.061950679054141133e+01 -5.325117002205146832e+01
3.058860228378888380e+01 -5.328358342889734445e+01
3.049821477129684766e+01 -5.337770351634750909e+01
3.049620300881954904e+01 -5.337980083770082729e+01
3.049555646245734053e+01 -5.338058611870039272e+01
3.041802468858524122e+01 -5.347607782929500786e+01
3.038038462794600747e+01 -5.352191754495115106e+01
3.033916627155596757e+01 -5.357228367369455668e+01
3.026740925811242633e+01 -5.366700258604922169e+01
3.026634384047083870e+01 -5.366841229878491504e+01
3.026469645517070717e+01 -5.367083230171797936e+01
3.020082893297506033e+01 -5.376461232673202062e+01
3.016158142156842459e+01 -5.382197918306886208e+01
3.013539916486963222e+01 -5.386072622750526762e+01
3.009732769430132393e+01 -5.392028220211008716e+01
3.007408139004093428e+01 -5.395681138823692891e+01
3.005851978108185563e+01 -5.398141075286036994e+01
3.001410921182761271e+01 -5.405290928346184387e+01
2.995623395245026188e+01 -5.414282784493005352e+01
2.995233987879737469e+01 -5.414890764106974075e+01
2.994597687895707239e+01 -5.415826416901799689e+01
2.988698421786668291e+01 -5.424497029226284894e+01
2.984948523954738064e+01 -5.429975583463505018e+01
2.982120367334930222e+01 -5.434095629977022668e+01
2.976794747536408892e+01 -5.441120465346284618e+01
2.974846260898375050e+01 -5.443689972414537692e+01
2.973723851250548122e+01 -5.445095413193791956e+01
2.967171696971120198e+01 -5.453287812179590333e+01
2.961980878673304218e+01 -5.459683175355002049e+01
2.959412672865462923e+01 -5.462877707011176653e+01
2.953396808988852840e+01 -5.469624539458632739e+01
2.950870033340611798e+01 -5.472464774372579654e+01
2.949719494202370029e+01 -5.473741397972125355e+01
2.942270884316172896e+01 -5.482054917498976465e+01
2.937219099151685242e+01 -5.487616027094404103e+01
2.933552842110545456e+01 -5.491638106476210623e+01
2.925053721543332941e+01 -5.500828236421648398e+01
2.924695535111245093e+01 -5.501215020021058422e+01
2.924539532096942906e+01 -5.501383101623019911e+01
2.915801594029358412e+01 -5.510798710584276705e+01
2.911805127020013728e+01 -5.515196458314545680e+01
2.907136785326752104e+01 -5.520375518365946732e+01
2.899154983435807509e+01 -5.529230494028510634e+01
2.898511852765716412e+01 -5.529945053258407484e+01
2.897169706798867850e+01 -5.531448339859466046e+01
2.889943409569998067e+01 -5.539520001977484753e+01
2.886547429381229080e+01 -5.543434248575198353e+01
2.881656288183129178e+01 -5.549089873513690918e+01
2.874034731044742941e+01 -5.557874664646280394e+01
2.873365246989710897e+01 -5.558651817962436326e+01
2.872114280726102109e+01 -5.560127560269370406e+01
2.865226602255397381e+01 -5.568219522926523268e+01
2.861592327924602586e+01 -5.572522031914471086e+01
2.857194727128918643e+01 -5.577781550351861029e+01
2.849205273691237039e+01 -5.587323335220798981e+01
2.849195412485543599e+01 -5.587335054056663353e+01
2.849190057577833457e+01 -5.587341554532790155e+01
2.841401627213157965e+01 -5.596897265995067983e+01
2.836900261721036287e+01 -5.602422889827380459e+01
2.833648233765800484e+01 -5.606450513532769264e+01
2.828229981543508131e+01 -5.613207475584647455e+01
2.825972530612411404e+01 -5.615999840578876956e+01
2.824640991172636006e+01 -5.617667400345266060e+01
2.818410255706576706e+01 -5.625552901464834576e+01
2.812442861934739469e+01 -5.633113796741864121e+01
2.810895031360715635e+01 -5.635096363128889152e+01
2.808401883387493569e+01 -5.638255977829163612e+01
2.803316864421525523e+01 -5.644642810355225038e+01
2.800165766645640630e+01 -5.648591022335571665e+01
2.795747231323902326e+01 -5.654185898037681568e+01
2.788705114704632138e+01 -5.663054134964298214e+01
2.788171271217256120e+01 -5.663720491615907804e+01
2.787831432565745970e+01 -5.664128023196354889e+01
2.780271802065106357e+01 -5.673263188172359150e+01
2.775184270362690597e+01 -5.679411162853151041e+01
2.772403291892817023e+01 -5.682796408437818059e+01
2.767721245295381038e+01 -5.688386158669467818e+01
2.764397191714554580e+01 -5.692327957305022323e+01
2.762397099440179815e+01 -5.694656028176680707e+01
2.756241909779219768e+01 -5.701861213807623585e+01
2.749432251870033639e+01 -5.709817937012599032e+01
2.748098584188333859e+01 -5.711385091373227851e+01
2.745964865568587499e+01 -5.713947287101743200e+01
2.740136951700079138e+01 -5.720913429114031601e+01
2.736543952506616861e+01 -5.725211519965102980e+01
2.732193972430171414e+01 -5.730437234631190790e+01
2.725630521481921775e+01 -5.738554656016574995e+01
2.724494660499800958e+01 -5.739953769017438390e+01
2.723791354482347060e+01 -5.740911827242678100e+01
2.717548754195316363e+01 -5.749477418693112440e+01
2.711661888733192782e+01 -5.757519086740617809e+01
2.710591266850118330e+01 -5.758989288828070130e+01
2.709519719242191016e+01 -5.760755456845370759e+01
2.704778439694199932e+01 -5.768507370566422310e+01
2.700810497197488047e+01 -5.775836579138129423e+01
2.699641093823469618e+01 -5.778015499697542623e+01
2.698490093062340733e+01 -5.780165806981611354e+01
2.694513874767955741e+01 -5.787528525885494446e+01
2.691910452014621313e+01 -5.796679795192804363e+01
2.691813688267691873e+01 -5.797029761027289396e+01
2.691749631793977215e+01 -5.797262617699033171e+01
2.689137637274139081e+01 -5.806540721701281882e+01
2.688047977459145699e+01 -5.812744538044009346e+01
2.687442003425042714e+01 -5.816041449284332998e+01
2.687426945218441787e+01 -5.823018275132139365e+01
2.687441809158612926e+01 -5.825539167383783479e+01
2.687451732823157258e+01 -5.826597665690624694e+01
2.687444705535036249e+01 -5.835041687252501674e+01
2.688353922070450608e+01 -5.839676437057869407e+01
2.689244435468039285e+01 -5.844537704923621391e+01
2.691126404012725004e+01 -5.851795309456508676e+01
2.691668656505099122e+01 -5.854029022307977925e+01
2.694075548606356918e+01 -5.862782215295666788e+01
2.694281785826743914e+01 -5.863516785068779313e+01
2.694361142470582493e+01 -5.863684470686271766e+01
2.698613961623443203e+01 -5.873009161024964442e+01
2.699389939259356908e+01 -5.874672903141777169e+01
2.702893558285491338e+01 -5.882498368760619201e+01
2.704556283762894964e+01 -5.885605645035377620e+01
2.707838858462248766e+01 -5.891984218244814997e+01
2.710415391872525603e+01 -5.896202493097027286e+01
2.713518725625023009e+01 -5.901467163622194789e+01
2.716629310028494615e+01 -5.906637074467695925e+01
2.719142019849984848e+01 -5.910947473262089602e+01
2.723309743312696085e+01 -5.916854700833511060e+01
2.725755352573797907e+01 -5.920425458328989521e+01
2.730395039352904973e+01 -5.926888197253029489e+01
2.732492886980711688e+01 -5.929901131476947285e+01
2.737600751959170609e+01 -5.936881579964722278e+01
2.739366119188670368e+01 -5.939374532844513510e+01
2.745285014235339460e+01 -5.946656378560112444e+01
2.747010430541435966e+01 -5.948846079234226636e+01
2.753069373063688730e+01 -5.956402987901645929e+01
2.754557531595897757e+01 -5.958315363986946522e+01
2.761004297336291913e+01 -5.966096697617288669e+01
2.762363341723483501e+01 -5.967782615438315474e+01
2.769100614519997450e+01 -5.975732691282473752e+01
2.770349277101946228e+01 -5.977247813618356531e+01
2.777173980374440276e+01 -5.985402907220944257e+01
2.778236454361778840e+01 -5.986710769358103335e+01
2.785172814962712806e+01 -5.995132862693597531e+01
2.786002673910814664e+01 -5.996171450685005766e+01
2.793107992095766789e+01 -6.004917035871375219e+01
2.793669770452248713e+01 -6.005629853680861174e+01
2.800842919544723486e+01 -6.014822533540223048e+01
2.801042649350181790e+01 -6.015085761021694566e+01
2.803582443620274489e+01 -6.018650340263013732e+01
2.807802129091922083e+01 -6.024541249664127918e+01
2.808119074320556763e+01 -6.024976667428933297e+01
2.814489548113003181e+01 -6.033996030922602927e+01
2.815261892653448683e+01 -6.035218241463351774e+01
2.820303266931408714e+01 -6.043449010332213334e+01
2.821672966215490774e+01 -6.045839046023061769e+01
2.825583361216949285e+01 -6.052899476402265577e+01
2.827710970092101306e+01 -6.056660967315869470e+01
2.830811529057221421e+01 -6.062346959918582456e+01
2.832979225151929370e+01 -6.067875099130216654e+01
2.834445422742203391e+01 -6.071790938752124589e+01
2.837394167932008315e+01 -6.079517893238971737e+01
2.838018278684628726e+01 -6.081230717520236340e+01
2.840106510590083388e+01 -6.087787725572630393e+01
2.841037891384959835e+01 -6.090669450771238758e+01
2.841214925361767740e+01 -6.091461373667817725e+01
2.843008766191316283e+01 -6.100112823293386555e+01
2.843845905432113597e+01 -6.103991129699218732e+01
2.844963806426484254e+01 -6.109550500389184435e+01
2.845820678722095565e+01 -6.116839568532950011e+01
2.846043865512525528e+01 -6.118981808126875421e+01
2.846410400980075295e+01 -6.124213974117805037e+01
2.846726624952384554e+01 -6.128413766596992218e+01
2.846861856591417705e+01 -6.130137870457193117e+01
2.847370576121141283e+01 -6.137848515476645161e+01
2.847222138164705640e+01 -6.143760802739873839e+01
2.847097141158616296e+01 -6.147275486190582683e+01
2.846882030475498482e+01 -6.154510053700852268e+01
2.846827114019100335e+01 -6.156698550063993025e+01
2.846762286950074738e+01 -6.157765560343113975e+01
2.846177755046784341e+01 -6.166128737518434377e+01
2.845384705616309162e+01 -6.172197424239774932e+01
2.844921138562434493e+01 -6.175549466516113739e+01
2.844119974004427931e+01 -6.181508890257507005e+01
2.843665646366691391e+01 -6.184968397296717058e+01
2.843165278903440907e+01 -6.187008678121517846e+01
2.841310344229370344e+01 -6.194391616175806803e+01
2.838847028325409738e+01 -6.202776885817777952e+01
2.838541413237067701e+01 -6.203802595874498138e+01
2.838082877882425592e+01 -6.205257553235483670e+01
2.835576067077745321e+01 -6.213223022562701203e+01
2.832078768095051657e+01 -6.219647016542322149e+01
2.830444729161810713e+01 -6.222633243130724168e+01
2.828720196422949940e+01 -6.225772449502784411e+01
2.825219117519971590e+01 -6.232047182036413346e+01
2.820642728120327547e+01 -6.238601454174664696e+01
2.818639015904165745e+01 -6.241453340503585423e+01
2.816623078769733723e+01 -6.243688414256453711e+01
2.810006171427329491e+01 -6.250864909974472994e+01
2.802124054283442334e+01 -6.259359021576000259e+01
2.801275322847163807e+01 -6.260264137941558715e+01
2.798894369746263422e+01 -6.262127292930023259e+01
2.789257825056439799e+01 -6.269671923982070894e+01
2.785088690893137553e+01 -6.272658052414485041e+01
2.775934178941038510e+01 -6.279076031827992210e+01
2.767033513457516136e+01 -6.285097549364195402e+01
2.761905936719303867e+01 -6.288474343623454388e+01
2.747155814079636826e+01 -6.295870311978433165e+01
2.743083728380269548e+01 -6.297871018724387682e+01
2.726486570744417648e+01 -6.306001017351721316e+01
2.723817989938065409e+01 -6.307265655823772477e+01
2.704832939289030591e+01 -6.315289349258566176e+01
2.701528361643918430e+01 -6.316660594413616536e+01
2.682213335538807542e+01 -6.323744391366375339e+01
2.675693791901441898e+01 -6.326055668011719035e+01
2.659142157186478173e+01 -6.331880336454173630e+01
2.648810624984278306e+01 -6.335447874845738170e+01
2.635430137280811991e+01 -6.339498624769132107e+01
2.617207752764037565e+01 -6.344834768417226201e+01
2.611056962766623002e+01 -6.346570022149811052e+01
2.594130962456087275e+01 -6.351265151583612578e+01
2.586342441231183642e+01 -6.353418033655935915e+01
2.583366047419039901e+01 -6.354219017398153824e+01
2.561279293941163360e+01 -6.360031439020016819e+01
2.547432751511594518e+01 -6.363609181096725820e+01
2.535814432723361023e+01 -6.366349965595276217e+01
2.515108483203594503e+01 -6.371097070414776908e+01
2.509879108455233165e+01 -6.372294569133501341e+01
2.506804908829007772e+01 -6.372987700603854933e+01
2.483746875266623988e+01 -6.378151022274022353e+01
2.464410662531005869e+01 -6.382372533802288217e+01
2.457362020737844333e+01 -6.383857625939219815e+01
2.447089286373578432e+01 -6.385986357918227441e+01
2.430692195247047138e+01 -6.389375969677618627e+01
2.419003930599496144e+01 -6.391754198384566621e+01
2.403766321204705392e+01 -6.394733757001935714e+01
2.384440180451937863e+01 -6.398416628183971966e+01
2.376571846493978057e+01 -6.399913381097829301e+01
2.370102053817039689e+01 -6.401130045196441642e+01
2.349208841692804484e+01 -6.405022910877949016e+01
2.324691208560918909e+01 -6.409464819940524194e+01
2.321639492568406027e+01 -6.410018240482455099e+01
2.318932048960035530e+01 -6.410503138678234336e+01
2.293834918822798130e+01 -6.414863336322821397e+01
2.267442171446950638e+01 -6.419341131442004666e+01
2.265845089392541212e+01 -6.419612399778478107e+01
2.264271205796927688e+01 -6.419876458176844380e+01
2.237671154894308145e+01 -6.424264072383078883e+01
2.211732803879636577e+01 -6.428457022121747855e+01
2.209337148589006006e+01 -6.428844653595245973e+01
2.206808254728199614e+01 -6.429250264501564516e+01
2.180846717881756547e+01 -6.433356390319971752e+01
2.156960793245675134e+01 -6.437066598535690787e+01
2.152206712798468402e+01 -6.437806262620836151e+01
2.146917638754401381e+01 -6.438623793242891225e+01
2.123405613957968185e+01 -6.442178245022432748e+01
2.103068775333641227e+01 -6.445206819084859262e+01
2.094460793436520873e+01 -6.446492053174449666e+01
2.084315914539352832e+01 -6.447995887143704863e+01
2.065385980934608412e+01 -6.450763131401080841e+01
2.049666387625206454e+01 -6.453036609333142337e+01
2.036182184500077597e+01 -6.454991953445519925e+01
2.019688400560554697e+01 -6.457364171441085432e+01
2.006854152422687676e+01 -6.459183580401025893e+01
1.996581773624764367e+01 -6.460627551958674530e+01
1.977399503919371782e+01 -6.463333963035512397e+01
1.953061498514103533e+01 -6.466726426841350417e+01
1.947821137037816897e+01 -6.467446192801588722e+01
1.943778109330741088e+01 -6.467998931257096729e+01
1.918121055286737686e+01 -6.471521496684985664e+01
1.891316586679904077e+01 -6.475137765898116982e+01
1.888290543381249265e+01 -6.475547766253021109e+01
1.884287657612951605e+01 -6.476089501299853168e+01
1.858347748616055384e+01 -6.479547806404906396e+01
1.839154599467844875e+01 -6.482067378625899323e+01
1.828278725873274269e+01 -6.483502202411207804e+01
1.813324687853806338e+01 -6.485456822217645367e+01
1.798102976950413279e+01 -6.487436894529275833e+01
1.787098530951457676e+01 -6.488855637981134805e+01
1.767822969187282922e+01 -6.491355163728104571e+01
1.740661908384700496e+01 -6.494811902049957553e+01
1.737413125090259669e+01 -6.495219782005827369e+01
1.735161207055823951e+01 -6.495500636790617932e+01
1.706887189738423061e+01 -6.499048472630877882e+01
1.683719295174316244e+01 -6.501884457650066906e+01
1.676223385443929814e+01 -6.502808019624856684e+01
1.664938942174483216e+01 -6.504175970269292861e+01
1.645431787476038821e+01 -6.506510395273812719e+01
1.632853507536303184e+01 -6.507979212901688015e+01
1.614503313850131150e+01 -6.510139270221824859e+01
1.584748941073640260e+01 -6.513526239530386874e+01
1.583429703860911175e+01 -6.513678465070998413e+01
1.582611125331778901e+01 -6.513771289323813107e+01
1.552282340150481765e+01 -6.517238637105575094e+01
1.532644125620941722e+01 -6.519401365321522235e+01
1.520986122709031996e+01 -6.520698283517873506e+01
1.500625166736642768e+01 -6.522888845341341835e+01
1.489545334348846062e+01 -6.524058971476577540e+01
1.483466963736538702e+01 -6.524685356175612583e+01
1.457973233327101958e+01 -6.527337839156231780e+01
1.435123237965380483e+01 -6.529626523961772477e+01
1.426265579792499416e+01 -6.530523633626262381e+01
1.408697383041694096e+01 -6.532243556994819755e+01
1.394441463324677244e+01 -6.533644754298271096e+01
1.387315690418586733e+01 -6.534326414876639433e+01
1.362513765988099301e+01 -6.536721041507217933e+01
1.339982973638697494e+01 -6.538813764352036628e+01
1.330459362547850155e+01 -6.539707171642945127e+01
1.309474789574245079e+01 -6.541595118562466382e+01
1.298285846080139017e+01 -6.542611559988995396e+01
1.293221013550524567e+01 -6.543058124647893692e+01
1.266017293344647321e+01 -6.545475908180932834e+01
1.246940615016430520e+01 -6.547100843131153169e+01
1.233626244896152713e+01 -6.548243039131384080e+01
1.201427732250701830e+01 -6.550841847876836255e+01
1.201094875722162847e+01 -6.550869005049523253e+01
1.200215082134766043e+01 -6.550938222581444847e+01
1.168444716414843221e+01 -6.553387762802557859e+01
1.156919349597233193e+01 -6.554232677479220115e+01
1.135679329104947222e+01 -6.555799654939926313e+01
1.113122020637215215e+01 -6.557355498229412660e+01
1.102790030709113900e+01 -6.558076398456060474e+01
1.070073515817065690e+01 -6.560204525207035431e+01
1.069784230825569793e+01 -6.560223456728155611e+01
1.068774556028223621e+01 -6.560287321398348581e+01
1.036709777063658855e+01 -6.562342547997579345e+01
1.027461913093427803e+01 -6.562897721381571614e+01
1.003534253418779087e+01 -6.564352366374401981e+01
9.854922171322877844e+00 -6.565360323958850586e+01
9.702482275125980493e+00 -6.566218315771848779e+01
9.441561098549838604e+00 -6.567599496002964088e+01
9.368752096409357577e+00 -6.567987667898609061e+01
9.040341022605295151e+00 -6.569634204331214278e+01
9.034204256399569033e+00 -6.569664470880536555e+01
9.032875971673304250e+00 -6.569670657304448014e+01
8.698871999295944235e+00 -6.571247240859258909e+01
8.630173919738764354e+00 -6.571548827703611551e+01
8.362773379769521398e+00 -6.572731224091239710e+01
8.231773312474052418e+00 -6.573276542682717150e+01
8.026021676231415825e+00 -6.574139176961512021e+01
7.836711468250938672e+00 -6.574885521852286274e+01
7.688656466625087837e+00 -6.575474124181153002e+01
7.445293395015239568e+00 -6.576368894080979999e+01
7.350658283529568848e+00 -6.576719817176277161e+01
7.056732917560989193e+00 -6.577752202751031518e+01
7.012157774286063905e+00 -6.577909490049370334e+01
6.693909907620466448e+00 -6.578981389414883552e+01
6.673192550501689801e+00 -6.579048695286590487e+01
6.670348303479991081e+00 -6.579057770741124500e+01
6.333785296932565423e+00 -6.580137913489423340e+01
6.286553409283702543e+00 -6.580281830575879098e+01
5.993946858400684974e+00 -6.581173920920846854e+01
5.904737550974591187e+00 -6.581435841664310260e+01
5.653734074589215730e+00 -6.582172021961412156e+01
5.524313510581401410e+00 -6.582538036490609556e+01
5.313164908093589212e+00 -6.583133430806589104e+01
5.145461014955248658e+00 -6.583584055496766041e+01
4.972234002071066250e+00 -6.584048163041910584e+01
4.768384165796065943e+00 -6.584568932306945044e+01
4.630962168004047363e+00 -6.584917130978905675e+01
4.393018115183395800e+00 -6.585495493549464641e+01
4.289375907169852731e+00 -6.585744750220376886e+01
4.019306647700430446e+00 -6.586366252066520133e+01
3.947489545057548899e+00 -6.586529365720701890e+01
3.648153274267346369e+00 -6.587156512382276219e+01
3.605282848044731203e+00 -6.587245181361370783e+01
3.279229282063109707e+00 -6.587876758657171194e+01
3.262805379749547097e+00 -6.587907948198903796e+01
3.030890368065922491e+00 -6.588331640952219459e+01
2.920089342017273992e+00 -6.588526069921690009e+01
2.912174972371113668e+00 -6.588539659414885818e+01
2.577155231658052159e+00 -6.589101318310997613e+01
2.546995501226121394e+00 -6.589147235148581672e+01
2.233996957673742845e+00 -6.589607750387904161e+01
2.184407539616029847e+00 -6.589677117269374662e+01
1.890664098030603091e+00 -6.590072198411164095e+01
1.823400409582979886e+00 -6.590158494255632604e+01
1.547175834291067087e+00 -6.590497177855942823e+01
1.463913899114483774e+00 -6.590593697480790070e+01
1.203547434818280637e+00 -6.590880069109388728e+01
1.106031536536728588e+00 -6.590981048464820446e+01
8.597960886381098566e-01 -6.591219459411215098e+01
7.496498181597244237e-01 -6.591324021246671805e+01
5.159430214771371093e-01 -6.591529190551321449e+01
3.943582778763812802e-01 -6.591634405004367636e+01
1.720007639919568787e-01 -6.591809964255833165e+01
4.024190245734518556e-02 -6.591910307099286115e+01
