65216104
65226425
65284658
65294763
65378168
65388399
65668106
65688609
65788828
65798434
65808040
65915376
65924983
66078344
66292850
66366142
66376896
66387716
66458109
66469280
66555832
66567641
66706713
66717818
66775711
66851424
66862341
66873170
66937300
66948218
66959048
67004455
67015284
67026297
67088331
67099164
67109995
67168361
67179198
67190036
67251009
67261840
67286446
67297486
67308316
67371997
67382913
67393744
67454189
67465105
67475935
67536934
67547851
67558680
67604376
67615207
67626036
67672234
67699735
67710564
67721482
67799376
67810302
67821134
67877915
67888928
67899846
68034282
68045111
68055940
68193132
68204072
